1 0.4734375 0.5140625 0.08203125 0.04921875
1 0.6484375 0.68984375 0.0671875 0.04921875
1 0.82421875 0.5265625 0.0703125 0.053125
0 0.69296875 0.42890625 0.10625 0.184375
0 0.284375 0.8859375 0.1578125 0.06171875
2 0.3046875 0.4390625 0.071875 0.04921875
2 0.51015625 0.7234375 0.06796875 0.046875
2 0.39140625 0.7984375 0.08046875 0.0421875
2 0.9484375 0.5375 0.06796875 0.0328125
3 0.49921875 0.4203125 0.03046875 0.01796875
3 0.56796875 0.6265625 0.028125 0.01953125
3 0.24375 0.6609375 0.02265625 0.0203125
2 0.8109375 0.934375 0.05703125 0.04296875