1 0.4828125 0.515625 0.08203125 0.05546875
1 0.1875 0.69765625 0.075 0.0484375
1 0.653125 0.6921875 0.0625 0.046875
1 0.8296875 0.5265625 0.0453125 0.04609375
1 0.7265625 0.86640625 0.06484375 0.04453125
0 0.28203125 0.88046875 0.1421875 0.0453125
0 0.7 0.440625 0.10859375 0.19765625
2 0.3953125 0.7953125 0.07265625 0.0390625
2 0.515625 0.71484375 0.05859375 0.04296875
2 0.81328125 0.92890625 0.0703125 0.04296875
2 0.95546875 0.540625 0.08046875 0.03515625
2 0.3109375 0.43671875 0.05234375 0.046875
3 0.50234375 0.42109375 0.02421875 0.02109375
3 0.24296875 0.66015625 0.0265625 0.01484375
3 0.56328125 0.6265625 0.03203125 0.01875
3 0.4703125 0.90078125 0.02734375 0.02265625
3 0.87734375 0.6484375 0.03359375 0.0234375