0 0.69921875 0.43671875 0.11171875 0.2015625
0 0.2765625 0.88359375 0.13203125 0.06328125
0 0.65390625 0.79140625 0.07421875 0.12265625
1 0.64140625 0.6953125 0.0671875 0.05
1 0.47578125 0.51328125 0.07578125 0.0453125
1 0.8234375 0.5296875 0.05 0.0484375
2 0.95 0.54375 0.05546875 0.03984375
2 0.39140625 0.79765625 0.0640625 0.0328125
2 0.5125 0.715625 0.0609375 0.04296875
2 0.8140625 0.92890625 0.05078125 0.04375
3 0.56015625 0.62109375 0.015625 0.01875
2 0.31015625 0.4484375 0.05859375 0.06171875
3 0.49921875 0.41796875 0.01875 0.015625
3 0.2359375 0.6578125 0.01796875 0.0140625