1 0.48359375 0.5171875 0.0953125 0.04765625
1 0.8171875 0.521875 0.06015625 0.05625
1 0.6453125 0.68984375 0.06171875 0.05078125
1 0.1984375 0.70390625 0.0765625 0.04921875
0 0.296875 0.8859375 0.1515625 0.059375
0 0.6625 0.79296875 0.07265625 0.128125
0 0.70234375 0.43828125 0.10390625 0.190625
2 0.3921875 0.80078125 0.078125 0.05078125
2 0.5109375 0.709375 0.05546875 0.05078125
2 0.30546875 0.4359375 0.0625 0.04609375
2 0.95390625 0.54140625 0.0546875 0.0390625
2 0.8140625 0.9390625 0.059375 0.05390625
3 0.46796875 0.89921875 0.0328125 0.0203125
3 0.5625 0.62421875 0.0171875 0.01484375
3 0.24453125 0.659375 0.0328125 0.01953125
3 0.5015625 0.42109375 0.0234375 0.01640625