1 0.47578125 0.5125 0.0765625 0.05546875
1 0.19609375 0.703125 0.07890625 0.065625
1 0.640625 0.690625 0.07734375 0.059375
1 0.82265625 0.525 0.0671875 0.065625
1 0.7296875 0.8671875 0.04921875 0.0578125
0 0.29453125 0.88515625 0.125 0.05703125
0 0.35390625 0.5890625 0.09375 0.10234375
0 0.68984375 0.4328125 0.08828125 0.21015625
0 0.66171875 0.7953125 0.07421875 0.128125
2 0.81484375 0.93828125 0.0625 0.06328125
2 0.50390625 0.71015625 0.06484375 0.04765625
3 0.46640625 0.9 0.04140625 0.02421875
3 0.56171875 0.62421875 0.0265625 0.01953125
3 0.87890625 0.653125 0.028125 0.02265625
2 0.94921875 0.5359375 0.05234375 0.046875
3 0.4984375 0.41796875 0.03046875 0.01796875
2 0.309375 0.434375 0.08203125 0.0453125
3 0.23984375 0.659375 0.0359375 0.01796875