0 0.3578125 0.58984375 0.10078125 0.1046875
0 0.69375 0.4421875 0.1078125 0.2046875
0 0.83125 0.67265625 0.06484375 0.1234375
0 0.65625 0.79296875 0.075 0.12265625
0 0.2828125 0.878125 0.13671875 0.0625
1 0.47578125 0.51484375 0.06484375 0.053125
1 0.825 0.525 0.06484375 0.046875
1 0.65859375 0.69140625 0.0703125 0.0484375
1 0.18984375 0.69765625 0.0828125 0.04921875
3 0.24453125 0.66015625 0.0421875 0.01953125
3 0.5609375 0.6234375 0.0265625 0.01953125
3 0.47109375 0.90234375 0.0265625 0.01640625
1 0.725 0.87265625 0.06640625 0.046875
2 0.81640625 0.93125 0.078125 0.0390625
2 0.38046875 0.79609375 0.09296875 0.04140625
2 0.51328125 0.715625 0.0546875 0.02890625
2 0.9578125 0.5421875 0.07265625 0.03984375
2 0.3109375 0.4390625 0.05390625 0.04296875
3 0.49921875 0.42109375 0.03046875 0.0171875