1 0.20234375 0.7296875 0.0578125 0.04921875
1 0.4421875 0.51953125 0.07109375 0.034375
1 0.65703125 0.67421875 0.065625 0.03828125
1 0.82265625 0.4671875 0.0546875 0.04765625
1 0.86015625 0.84609375 0.06328125 0.0484375
0 0.4703125 0.9390625 0.16015625 0.0390625
0 0.59921875 0.41484375 0.178125 0.18203125
2 0.3484375 0.44140625 0.06640625 0.0453125
2 0.90625 0.6140625 0.053125 0.03046875
2 0.496875 0.7796875 0.04765625 0.04140625
2 0.2671875 0.7609375 0.0671875 0.0359375
2 0.94375 0.921875 0.05390625 0.04453125
3 0.49296875 0.6453125 0.034375 0.0234375
3 0.25625 0.521875 0.02734375 0.0265625