1 0.44921875 0.52109375 0.07734375 0.04921875
1 0.6453125 0.675 0.07265625 0.04453125
1 0.81640625 0.4640625 0.07109375 0.0484375
0 0.47265625 0.934375 0.1390625 0.0453125
0 0.37421875 0.64765625 0.14296875 0.07578125
0 0.62109375 0.41640625 0.16875 0.196875
0 0.76953125 0.753125 0.05625 0.14296875
2 0.94296875 0.925 0.06484375 0.0484375
2 0.490625 0.77734375 0.0625 0.04453125
2 0.91953125 0.6140625 0.0859375 0.040625
3 0.2796875 0.821875 0.02734375 0.0234375
3 0.259375 0.5234375 0.034375 0.02109375