0 0.3765625 0.64765625 0.14921875 0.0859375
0 0.59921875 0.415625 0.165625 0.19296875
0 0.76484375 0.7484375 0.04375 0.14140625
0 0.4734375 0.9375 0.14296875 0.04765625
2 0.4921875 0.77578125 0.07265625 0.059375
2 0.9421875 0.921875 0.0765625 0.0703125
2 0.91328125 0.61796875 0.084375 0.05546875
1 0.82109375 0.465625 0.0609375 0.04765625
1 0.4328125 0.521875 0.08671875 0.0484375
1 0.6515625 0.67109375 0.071875 0.0625
3 0.4953125 0.64765625 0.03046875 0.0234375
3 0.25390625 0.5203125 0.01953125 0.01328125
3 0.74921875 0.51640625 0.0375 0.01640625
3 0.6734375 0.89375 0.0328125 0.02421875