0 0.37265625 0.64921875 0.146875 0.071875
0 0.60546875 0.41328125 0.15546875 0.190625
0 0.9640625 0.58671875 0.0515625 0.13046875
0 0.7640625 0.75859375 0.0515625 0.12734375
0 0.4828125 0.94375 0.1546875 0.05546875
1 0.19453125 0.73203125 0.05390625 0.04921875
1 0.64453125 0.6765625 0.0578125 0.046875
2 0.4953125 0.78203125 0.05234375 0.04765625
2 0.9046875 0.6171875 0.0421875 0.0359375
2 0.9390625 0.92578125 0.06015625 0.053125
2 0.3484375 0.44453125 0.05 0.04140625
1 0.43515625 0.521875 0.07109375 0.04453125
1 0.81640625 0.46875 0.08359375 0.06171875