0 0.3703125 0.64453125 0.125 0.07734375
0 0.76875 0.753125 0.05703125 0.1328125
0 0.95859375 0.57421875 0.03359375 0.12421875
0 0.60078125 0.40546875 0.171875 0.18046875
0 0.471875 0.93671875 0.12265625 0.03828125
1 0.20234375 0.7390625 0.05625 0.0625
1 0.6515625 0.675 0.05625 0.04921875
1 0.4390625 0.51640625 0.0828125 0.04140625
1 0.8171875 0.46796875 0.059375 0.0578125
1 0.86015625 0.84375 0.0671875 0.053125
2 0.9515625 0.9265625 0.06953125 0.05625
2 0.49921875 0.78125 0.05859375 0.0453125
2 0.346875 0.44296875 0.05078125 0.05078125
2 0.2703125 0.759375 0.06171875 0.04140625
2 0.90625 0.61953125 0.053125 0.0484375
3 0.2578125 0.5203125 0.03359375 0.01328125
3 0.4953125 0.64921875 0.02578125 0.01953125
3 0.67890625 0.8953125 0.03046875 0.028125