0 0.41953125 0.06171875 0.0671875 0.0484375
0 0.1859375 0.13984375 0.0375 0.0375
0 0.3875 0.18359375 0.0234375 0.03203125
0 0.02421875 0.26015625 0.040625 0.0203125
0 0.2671875 0.3078125 0.05859375 0.03515625
0 0.50546875 0.33984375 0.0265625 0.028125
0 0.45546875 0.5765625 0.0234375 0.028125
0 0.7859375 0.6359375 0.0375 0.0390625
0 0.9078125 0.66484375 0.02109375 0.05625
0 0.846875 0.81015625 0.0140625 0.02265625
0 0.09921875 0.90703125 0.04609375 0.040625
0 0.5625 0.92890625 0.04765625 0.040625
0 0.1234375 0.9859375 0.03046875 0.0203125