0 0.471875 0.05546875 0.0765625 0.0625
0 0.71796875 0.07421875 0.0453125 0.0453125
0 0.5328125 0.165625 0.03125 0.0375
0 0.90390625 0.15234375 0.04375 0.0296875
0 0.6796875 0.25703125 0.065625 0.0484375
0 0.45625 0.34609375 0.0328125 0.034375
0 0.56171875 0.56328125 0.0296875 0.0328125
0 0.25546875 0.70078125 0.0453125 0.046875
0 0.14453125 0.75859375 0.034375 0.059375
0 0.23828125 0.88515625 0.01875 0.025
0 0.9796875 0.796875 0.040625 0.05
0 0.54296875 0.93125 0.05625 0.0515625
0 0.9828125 0.88046875 0.034375 0.0265625