0 0.40390625 0.93515625 0.06875 0.05
0 0.1734375 0.84921875 0.0390625 0.0390625
0 0.3765625 0.8125 0.025 0.0328125
0 0.01796875 0.7234375 0.0359375 0.021875
0 0.2609375 0.68359375 0.059375 0.0375
0 0.5 0.66015625 0.028125 0.0296875
0 0.4578125 0.421875 0.025 0.0296875
0 0.790625 0.37421875 0.0390625 0.040625
0 0.91328125 0.34921875 0.0234375 0.05625
0 0.8578125 0.20234375 0.015625 0.0234375
0 0.11328125 0.07890625 0.046875 0.0421875
0 0.57734375 0.0734375 0.0484375 0.0421875
0 0.140625 0.00625 0.03125 0.0125