0 0.77890625 0.03828125 0.0484375 0.0515625
0 0.4359375 0.1375 0.0375 0.0390625
0 0.61953125 0.15625 0.0546875 0.0546875
0 0.32109375 0.16953125 0.0640625 0.0671875
0 0.515625 0.23984375 0.1765625 0.1375
0 0.73671875 0.2921875 0.0609375 0.0625
0 0.1328125 0.45234375 0.071875 0.1140625
0 0.28125 0.4609375 0.046875 0.0546875
0 0.33984375 0.58046875 0.0703125 0.05
0 0.17109375 0.59609375 0.0546875 0.0609375
0 0.6 0.6609375 0.028125 0.0453125
0 0.18125 0.6765625 0.0484375 0.0765625
0 0.49453125 0.69921875 0.0578125 0.0828125
0 0.76953125 0.9265625 0.04375 0.059375
0 0.66484375 0.98203125 0.0515625 0.0359375