0 0.7546875 0.02421875 0.04609375 0.0484375
0 0.4171875 0.14140625 0.03515625 0.0375
0 0.6015625 0.15078125 0.0515625 0.05234375
0 0.30390625 0.1796875 0.06015625 0.06484375
0 0.50234375 0.2390625 0.1703125 0.128125
0 0.72578125 0.2796875 0.05859375 0.059375
0 0.13046875 0.471875 0.065625 0.11015625
0 0.2796875 0.47265625 0.04453125 0.05234375
0 0.34453125 0.5890625 0.0671875 0.046875
0 0.1765625 0.61328125 0.0515625 0.0578125
0 0.60859375 0.65546875 0.0265625 0.04453125
0 0.190625 0.69296875 0.04453125 0.07421875
0 0.5046875 0.69921875 0.053125 0.0796875
0 0.79140625 0.91171875 0.040625 0.0578125
0 0.690625 0.97734375 0.05 0.040625