0 0.17421875 0.93046875 0.053125 0.0546875
0 0.52578125 0.8671875 0.040625 0.0421875
0 0.3453125 0.82890625 0.059375 0.059375
0 0.64375 0.846875 0.0703125 0.0734375
0 0.45703125 0.75703125 0.1875 0.153125
0 0.2421875 0.68203125 0.0671875 0.0671875
0 0.8609375 0.5859375 0.0828125 0.11875
0 0.71328125 0.56171875 0.0515625 0.059375
0 0.6671875 0.43671875 0.0734375 0.05625
0 0.8375 0.4390625 0.059375 0.065625
0 0.4171875 0.3296875 0.0328125 0.0484375
0 0.8359375 0.3578125 0.05625 0.0796875
0 0.5265625 0.30234375 0.065625 0.0875
0 0.2765625 0.04765625 0.0484375 0.0640625
0 0.3859375 0.0109375 0.05625 0.021875