0 0.69140625 0.4453125 0.0375 0.04375
0 0.634375 0.41171875 0.0484375 0.0625
0 0.65859375 0.27890625 0.0609375 0.0515625
0 0.571875 0.2125 0.0453125 0.0546875
0 0.88046875 0.565625 0.0515625 0.0421875
0 0.60859375 0.56328125 0.01875 0.028125
0 0.4484375 0.471875 0.0359375 0.0515625
0 0.32734375 0.6953125 0.0453125 0.0625
0 0.14453125 0.2734375 0.0265625 0.040625
0 0.6421875 0.90625 0.034375 0.034375
0 0.80703125 0.89375 0.059375 0.0671875
0 0.80390625 0.39765625 0.0375 0.0265625
0 0.359375 0.45234375 0.0375 0.046875
0 0.34765625 0.2703125 0.03125 0.0484375
0 0.07734375 0.81953125 0.0359375 0.04375
0 0.271875 0.4546875 0.0359375 0.0484375
0 0.96484375 0.73203125 0.053125 0.05625