0 0.30625 0.45546875 0.03515625 0.04140625
0 0.3609375 0.41875 0.0453125 0.0609375
0 0.3296875 0.2875 0.05859375 0.04921875
0 0.41328125 0.21640625 0.04296875 0.053125
0 0.1234375 0.58515625 0.05 0.0390625
0 0.39453125 0.56875 0.0171875 0.0265625
0 0.55 0.46953125 0.0328125 0.05
0 0.6828125 0.6859375 0.04296875 0.06015625
0 0.84296875 0.25546875 0.02421875 0.03984375
0 0.37890625 0.91328125 0.03203125 0.0328125
0 0.2140625 0.909375 0.05546875 0.06484375
0 0.19140625 0.4140625 0.0359375 0.025
0 0.63828125 0.4453125 0.03515625 0.04453125
0 0.63984375 0.2625 0.028125 0.046875
0 0.9390625 0.796875 0.03359375 0.0421875
0 0.72578125 0.44296875 0.03359375 0.04609375
0 0.04765625 0.75625 0.05078125 0.053125