0 0.69453125 0.54140625 0.0359375 0.0421875
0 0.640625 0.57890625 0.046875 0.0625
0 0.67421875 0.709375 0.059375 0.05
0 0.59140625 0.78203125 0.04375 0.053125
0 0.875 0.40859375 0.05 0.040625
0 0.60390625 0.4296875 0.0171875 0.0265625
0 0.45078125 0.53125 0.034375 0.05
0 0.3140625 0.3171875 0.04375 0.0609375
0 0.16171875 0.75078125 0.025 0.040625
0 0.6140625 0.084375 0.0328125 0.0328125
0 0.77890625 0.0859375 0.05625 0.065625
0 0.81015625 0.58046875 0.0359375 0.025
0 0.3625 0.55703125 0.0359375 0.0453125
0 0.3640625 0.73984375 0.0296875 0.046875
0 0.05546875 0.2109375 0.034375 0.0421875
0 0.275 0.5609375 0.034375 0.046875
0 0.94765625 0.2359375 0.0515625 0.0546875