0 0.85390625 0.30390625 0.0765625 0.10625
0 0.79296875 0.40703125 0.03046875 0.0484375
0 0.72734375 0.703125 0.0484375 0.0484375
0 0.5609375 0.53359375 0.04375 0.04765625
0 0.36953125 0.59140625 0.028125 0.0515625
0 0.3015625 0.8375 0.04140625 0.059375
0 0.13828125 0.43515625 0.0390625 0.0421875
0 0.20546875 0.2765625 0.05078125 0.0515625
0 0.240625 0.04921875 0.034375 0.05234375
0 0.3328125 0.07265625 0.0296875 0.04140625
0 0.053125 0.36796875 0.05234375 0.040625
0 0.228125 0.59765625 0.03359375 0.0484375
0 0.2328125 0.478125 0.03046875 0.025
0 0.48046875 0.4796875 0.02109375 0.01953125
0 0.7203125 0.25 0.05390625 0.03125
0 0.746875 0.95078125 0.03203125 0.03046875
0 0.06796875 0.1796875 0.03203125 0.01953125