0 0.85078125 0.29765625 0.078125 0.1078125
0 0.79140625 0.4015625 0.03125 0.0484375
0 0.73046875 0.69921875 0.05 0.05
0 0.56171875 0.5328125 0.0453125 0.0484375
0 0.37109375 0.59375 0.0296875 0.0515625
0 0.3078125 0.840625 0.0421875 0.059375
0 0.1375 0.44140625 0.0390625 0.0421875
0 0.2015625 0.28203125 0.0515625 0.053125
0 0.2328125 0.05390625 0.0359375 0.053125
0 0.325 0.07578125 0.0296875 0.0421875
0 0.05078125 0.37578125 0.053125 0.0421875
0 0.2296875 0.60234375 0.034375 0.0484375
0 0.2328125 0.4828125 0.03125 0.025
0 0.48046875 0.4796875 0.021875 0.0203125
0 0.715625 0.24609375 0.0546875 0.0328125
0 0.7546875 0.94609375 0.0328125 0.03125
0 0.0625 0.1875 0.0328125 0.0203125