0 0.890625 0.6046875 0.1 0.121875
0 0.80703125 0.51953125 0.040625 0.0546875
0 0.67109375 0.24765625 0.059375 0.059375
0 0.55078125 0.45234375 0.0546875 0.05625
0 0.3515625 0.44296875 0.0390625 0.05625
0 0.22578125 0.2203125 0.0546875 0.0671875
0 0.16484375 0.65078125 0.0484375 0.05
0 0.26796875 0.78828125 0.0625 0.0625
0 0.35703125 0.98515625 0.0453125 0.0296875
0 0.44140625 0.95546875 0.0390625 0.046875
0 0.0984375 0.7359375 0.0609375 0.0515625
0 0.2125 0.47109375 0.04375 0.0546875
0 0.24609375 0.5859375 0.0359375 0.03125
0 0.4859375 0.52421875 0.025 0.0234375
0 0.77421875 0.6890625 0.059375 0.04375
0 0.63046875 0.0109375 0.0390625 0.021875
0 0.15859375 0.915625 0.0359375 0.0265625