0 0.23125 0.47578125 0.059375 0.06953125
0 0.20703125 0.59375 0.03828125 0.04921875
0 0.48203125 0.46328125 0.03515625 0.03984375
0 0.903125 0.3953125 0.06015625 0.04921875
0 0.69140625 0.6578125 0.0390625 0.040625
0 0.83046875 0.68984375 0.04140625 0.06640625
0 0.77890625 0.22421875 0.025 0.0296875
0 0.79921875 0.1671875 0.05 0.028125
0 0.8390625 0.2078125 0.02734375 0.0296875
0 0.5078125 0.13046875 0.0328125 0.02890625
0 0.51640625 0.0265625 0.0375 0.03515625
0 0.86015625 0.84296875 0.0421875 0.034375
0 0.49921875 0.9421875 0.0625 0.04140625
0 0.70859375 0.32578125 0.0265625 0.03515625
0 0.38515625 0.39765625 0.03515625 0.06171875
0 0.10703125 0.77265625 0.05546875 0.0421875
0 0.33671875 0.8015625 0.021875 0.025
0 0.36953125 0.58203125 0.0234375 0.0296875
0 0.94609375 0.5875 0.03203125 0.0359375
0 0.61171875 0.28359375 0.034375 0.04453125
0 0.33046875 0.28359375 0.01640625 0.02421875
0 0.2734375 0.21484375 0.021875 0.02265625