0 0.76875 0.52734375 0.071875 0.0796875
0 0.76953125 0.64765625 0.046875 0.05625
0 0.525 0.4671875 0.0421875 0.0453125
0 0.12421875 0.3203125 0.06875 0.059375
0 0.28203125 0.61875 0.046875 0.046875
0 0.1390625 0.6234375 0.053125 0.0734375
0 0.27890625 0.17578125 0.0296875 0.034375
0 0.26953125 0.11640625 0.0546875 0.0375
0 0.22265625 0.1484375 0.0328125 0.034375
0 0.5625 0.1359375 0.0375 0.034375
0 0.57421875 0.03203125 0.04375 0.0421875
0 0.08125 0.76796875 0.0484375 0.0421875
0 0.41640625 0.934375 0.06875 0.053125
0 0.328125 0.2890625 0.0328125 0.0390625
0 0.63203125 0.42109375 0.046875 0.0671875
0 0.83359375 0.84296875 0.0625 0.0515625
0 0.603125 0.82734375 0.0265625 0.028125
0 0.6125 0.60546875 0.028125 0.034375
0 0.0453125 0.50078125 0.0390625 0.040625
0 0.43125 0.26640625 0.0421875 0.05
0 0.7078125 0.31953125 0.0203125 0.0265625
0 0.7765625 0.26328125 0.0265625 0.0265625