0 0.76875 0.47734375 0.0703125 0.078125
0 0.771875 0.35703125 0.046875 0.0546875
0 0.52421875 0.5328125 0.0421875 0.0453125
0 0.12109375 0.6734375 0.0671875 0.059375
0 0.284375 0.378125 0.0453125 0.046875
0 0.14140625 0.3703125 0.0515625 0.071875
0 0.2734375 0.8203125 0.0296875 0.0328125
0 0.26328125 0.8796875 0.0546875 0.0359375
0 0.2171875 0.846875 0.0328125 0.034375
0 0.55625 0.865625 0.0375 0.034375
0 0.56640625 0.96875 0.04375 0.040625
0 0.0859375 0.225 0.046875 0.040625
0 0.42421875 0.0640625 0.06875 0.0515625
0 0.325 0.7078125 0.0328125 0.0390625
0 0.63125 0.58046875 0.0453125 0.0671875
0 0.83984375 0.16328125 0.0625 0.0515625
0 0.60859375 0.175 0.0265625 0.028125
0 0.6140625 0.396875 0.028125 0.0328125
0 0.0453125 0.49140625 0.0375 0.040625
0 0.42734375 0.7328125 0.0421875 0.05
0 0.7046875 0.68359375 0.0203125 0.0265625
0 0.77265625 0.74140625 0.025 0.0265625