0 0.46953125 0.34921875 0.06875 0.0421875
0 0.6125 0.3046875 0.071875 0.04375
0 0.69375 0.2890625 0.0671875 0.0796875
0 0.4140625 0.29375 0.0390625 0.046875
0 0.45859375 0.2453125 0.0390625 0.0625
0 0.53515625 0.246875 0.0484375 0.0640625
0 0.2078125 0.5578125 0.0609375 0.05
0 0.32109375 0.4484375 0.090625 0.06875
0 0.940625 0.58046875 0.06875 0.0703125
0 0.79765625 0.74453125 0.0546875 0.065625
0 0.7953125 0.6609375 0.059375 0.0609375
0 0.409375 0.97265625 0.040625 0.0546875
0 0.409375 0.50546875 0.0515625 0.05625
0 0.24609375 0.39296875 0.0515625 0.0484375
0 0.15390625 0.92734375 0.03125 0.0453125
0 0.28828125 0.8328125 0.0453125 0.0484375
0 0.4015625 0.909375 0.0609375 0.0390625
0 0.47734375 0.7390625 0.04375 0.0453125
0 0.8875 0.80078125 0.040625 0.0234375