0 0.50390625 0.34609375 0.06328125 0.028125
0 0.65390625 0.33515625 0.06640625 0.0296875
0 0.7359375 0.33828125 0.053125 0.06875
0 0.4625 0.2796875 0.03125 0.04140625
0 0.5171875 0.2421875 0.02734375 0.05859375
0 0.59140625 0.2609375 0.03671875 0.05703125
0 0.20234375 0.490625 0.05390625 0.03828125
0 0.3375 0.409375 0.08046875 0.0515625
0 0.9109375 0.67734375 0.05703125 0.05859375
0 0.73515625 0.80546875 0.0421875 0.05703125
0 0.7515625 0.7234375 0.04921875 0.0515625
0 0.30546875 0.94375 0.0296875 0.0546875
0 0.41015625 0.48515625 0.0421875 0.04765625
0 0.2765625 0.33828125 0.04375 0.03984375
0 0.11953125 0.98515625 0.0515625 0.0296875
0 0.06640625 0.83828125 0.021875 0.0421875
0 0.21875 0.7765625 0.03671875 0.04140625
0 0.31171875 0.8765625 0.05703125 0.0265625
0 0.42421875 0.728125 0.03671875 0.0375
0 0.81015625 0.88046875 0.03828125 0.01484375