0 0.5203125 0.65234375 0.065625 0.034375
0 0.6703125 0.64765625 0.06875 0.0359375
0 0.7515625 0.6359375 0.059375 0.0734375
0 0.4859375 0.72265625 0.0359375 0.04375
0 0.54375 0.7546875 0.0328125 0.0609375
0 0.615625 0.728125 0.0421875 0.0609375
0 0.2046875 0.540625 0.0578125 0.04375
0 0.34765625 0.60703125 0.0859375 0.059375
0 0.88984375 0.28046875 0.0625 0.0640625
0 0.7015625 0.171875 0.0484375 0.0609375
0 0.7265625 0.2515625 0.0546875 0.05625
0 0.26015625 0.07890625 0.0359375 0.0578125
0 0.4125 0.52421875 0.046875 0.0515625
0 0.29453125 0.684375 0.0484375 0.04375
0 0.07109375 0.05703125 0.0546875 0.034375
0 0.03359375 0.20859375 0.0265625 0.04375
0 0.19140625 0.2546875 0.040625 0.0453125
0 0.2734375 0.1453125 0.059375 0.0328125
0 0.40078125 0.28125 0.040625 0.040625
0 0.76875 0.0890625 0.0390625 0.01875