0 0.59765625 0.44375 0.053125 0.0625
0 0.6671875 0.46328125 0.08125 0.103125
0 0.81015625 0.36484375 0.05 0.0734375
0 0.546875 0.25703125 0.0515625 0.05625
0 0.334375 0.021875 0.0421875 0.040625
0 0.34609375 0.1078125 0.04375 0.0453125
0 0.68359375 0.7328125 0.0421875 0.0546875
0 0.9578125 0.59375 0.03125 0.040625
0 0.9515625 0.28046875 0.0265625 0.0421875
0 0.57421875 0.0578125 0.05 0.040625
0 0.5484375 0.1140625 0.040625 0.0359375
0 0.1359375 0.04765625 0.08125 0.0953125
0 0.44375 0.7140625 0.0234375 0.03125
0 0.53125 0.4984375 0.021875 0.0234375
0 0.5796875 0.5859375 0.034375 0.0359375
0 0.39765625 0.95625 0.0484375 0.040625
0 0.55390625 0.79375 0.0734375 0.0984375
0 0.540625 0.6359375 0.0171875 0.0296875
0 0.29921875 0.671875 0.0203125 0.028125
0 0.30078125 0.465625 0.0234375 0.021875
0 0.48515625 0.3546875 0.0234375 0.03125
0 0.409375 0.59921875 0.0296875 0.025
0 0.34453125 0.1609375 0.0359375 0.04375
0 0.22578125 0.1046875 0.0578125 0.0625
0 0.24375 0.15625 0.0328125 0.0421875
0 0.19140625 0.35546875 0.0265625 0.0265625
0 0.08203125 0.39140625 0.0328125 0.028125
0 0.69140625 0.39296875 0.046875 0.0421875