0 0.57421875 0.41484375 0.0453125 0.0578125
0 0.64609375 0.4109375 0.06875 0.096875
0 0.74921875 0.27109375 0.040625 0.06875
0 0.465625 0.25546875 0.0453125 0.0515625
0 0.1875 0.10234375 0.0390625 0.0359375
0 0.2265625 0.1796875 0.0390625 0.040625
0 0.74921875 0.66015625 0.0359375 0.0515625
0 0.9640625 0.43984375 0.0265625 0.0375
0 0.85546875 0.1453125 0.0203125 0.040625
0 0.42578125 0.0578125 0.046875 0.034375
0 0.4203125 0.11953125 0.0359375 0.03125
0 0.02109375 0.18671875 0.0421875 0.0953125
0 0.51640625 0.7203125 0.01875 0.028125
0 0.52890625 0.48828125 0.01875 0.021875
0 0.60390625 0.55546875 0.03125 0.0328125
0 0.5515625 0.96484375 0.0453125 0.0359375
0 0.646875 0.76015625 0.0609375 0.0921875
0 0.5828125 0.61484375 0.0125 0.028125
0 0.36640625 0.728125 0.015625 0.0265625
0 0.30078125 0.53203125 0.0203125 0.0203125
0 0.4390625 0.3671875 0.0203125 0.0296875
0 0.44609375 0.6234375 0.0265625 0.0203125
0 0.24296875 0.2296875 0.03125 0.040625
0 0.11171875 0.215625 0.05 0.05625
0 0.1453125 0.2578125 0.028125 0.0390625
0 0.1609375 0.4640625 0.025 0.0234375
0 0.06953125 0.53359375 0.03125 0.0234375
0 0.64609375 0.33671875 0.04375 0.0359375