0 0.58125 0.578125 0.040625 0.0546875
0 0.653125 0.57578125 0.06171875 0.09140625
0 0.76796875 0.70625 0.034375 0.06640625
0 0.48671875 0.746875 0.040625 0.0484375
0 0.2234375 0.9234375 0.0359375 0.0328125
0 0.25546875 0.84296875 0.0359375 0.03828125
0 0.734375 0.31875 0.03125 0.04921875
0 0.9671875 0.51953125 0.0234375 0.0359375
0 0.88515625 0.82265625 0.0171875 0.0390625
0 0.46484375 0.946875 0.04375 0.03125
0 0.45390625 0.8859375 0.034375 0.028125
0 0.03671875 0.8546875 0.0609375 0.090625
0 0.496875 0.27890625 0.0171875 0.02734375
0 0.5296875 0.509375 0.0171875 0.0203125
0 0.5984375 0.4359375 0.028125 0.03046875
0 0.5109375 0.0328125 0.0421875 0.03203125
0 0.6234375 0.228125 0.05390625 0.0875
0 0.57265625 0.378125 0.0109375 0.02734375
0 0.346875 0.284375 0.0140625 0.02578125
0 0.2984375 0.48515625 0.01953125 0.01796875
0 0.45078125 0.6375 0.0171875 0.028125
0 0.4359375 0.38203125 0.02578125 0.01875
0 0.2671875 0.79140625 0.028125 0.03828125
0 0.13828125 0.8171875 0.04609375 0.053125
0 0.16796875 0.771875 0.02421875 0.0375
0 0.165625 0.565625 0.02265625 0.021875
0 0.06796875 0.50390625 0.02890625 0.02109375
0 0.66015625 0.65 0.040625 0.0328125