0 0.41953125 0.75078125 0.07421875 0.06875
0 0.14609375 0.9328125 0.05546875 0.059375
0 0.390625 0.9703125 0.04140625 0.0421875
0 0.55703125 0.39296875 0.03984375 0.05546875
0 0.4265625 0.3828125 0.05078125 0.05703125
0 0.33984375 0.31484375 0.06328125 0.03828125
0 0.31640625 0.2015625 0.046875 0.05
0 0.6875 0.040625 0.0421875 0.03984375
0 0.9078125 0.43984375 0.04765625 0.03984375
0 0.3109375 0.10234375 0.04296875 0.040625
0 0.4875 0.0875 0.028125 0.03359375
0 0.15390625 0.171875 0.0390625 0.04140625
0 0.03203125 0.6453125 0.04765625 0.04296875
0 0.61953125 0.50234375 0.04140625 0.04296875
0 0.45625 0.7984375 0.06328125 0.06796875
0 0.28984375 0.88515625 0.03671875 0.0390625