0 0.3734375 0.73046875 0.0859375 0.08125
0 0.0703125 0.85703125 0.065625 0.06875
0 0.303125 0.940625 0.0484375 0.05
0 0.5765625 0.40546875 0.05 0.0625
0 0.45 0.37109375 0.0609375 0.065625
0 0.378125 0.2875 0.06875 0.05
0 0.3765625 0.171875 0.05625 0.0578125
0 0.771875 0.08515625 0.0484375 0.046875
0 0.91171875 0.51875 0.0546875 0.0484375
0 0.390625 0.0734375 0.05 0.0484375
0 0.56640625 0.09296875 0.034375 0.0390625
0 0.22265625 0.11171875 0.046875 0.0484375
0 0.0203125 0.55234375 0.040625 0.0515625
0 0.6171875 0.525 0.0484375 0.05
0 0.4 0.784375 0.075 0.078125
0 0.2203125 0.83828125 0.04375 0.0453125