0 0.58515625 0.74921875 0.075 0.0703125
0 0.86171875 0.9265625 0.05625 0.0609375
0 0.6171875 0.96796875 0.0421875 0.0421875
0 0.44140625 0.39375 0.040625 0.05625
0 0.57109375 0.38125 0.0515625 0.0578125
0 0.65703125 0.31171875 0.0640625 0.0390625
0 0.678125 0.1984375 0.0484375 0.0515625
0 0.3046875 0.04375 0.0421875 0.040625
0 0.09140625 0.446875 0.0484375 0.040625
0 0.68203125 0.09921875 0.04375 0.040625
0 0.50546875 0.0875 0.028125 0.034375
0 0.840625 0.165625 0.0390625 0.0421875
0 0.9703125 0.6375 0.0484375 0.04375
0 0.38046875 0.5046875 0.0421875 0.04375
0 0.54921875 0.79765625 0.0640625 0.06875
0 0.7171875 0.88125 0.0375 0.0390625