0 0.5828125 0.17109375 0.0671875 0.046875
0 0.49609375 0.41796875 0.053125 0.075
0 0.07734375 0.51953125 0.0421875 0.04375
0 0.47890625 0.08203125 0.0671875 0.059375
0 0.63671875 0.03125 0.0375 0.0421875
0 0.43359375 0.59765625 0.05 0.071875
0 0.43046875 0.88359375 0.0453125 0.075
0 0.94375 0.7796875 0.0640625 0.084375
0 0.4765625 0.47734375 0.0421875 0.0375
0 0.4296875 0.43046875 0.0296875 0.0609375
0 0.42265625 0.353125 0.05625 0.059375
0 0.34140625 0.28671875 0.084375 0.090625
0 0.275 0.33203125 0.040625 0.053125
0 0.7203125 0.83515625 0.0421875 0.0546875
0 0.63203125 0.796875 0.0328125 0.034375
0 0.37265625 0.64921875 0.0234375 0.04375
0 0.82109375 0.28359375 0.046875 0.05
0 0.7140625 0.31796875 0.0234375 0.0234375
0 0.6328125 0.61875 0.01875 0.028125
0 0.5734375 0.64921875 0.0421875 0.0328125
0 0.05703125 0.16640625 0.046875 0.0515625
0 0.775 0.6171875 0.0265625 0.0359375
0 0.11640625 0.78828125 0.03125 0.0296875
0 0.54765625 0.803125 0.025 0.0234375
0 0.5828125 0.55546875 0.025 0.0296875
0 0.51875 0.25546875 0.04375 0.0515625