0 0.37265625 0.1859375 0.0625 0.0390625
0 0.4921875 0.41796875 0.0453125 0.0703125
0 0.92109375 0.46015625 0.0375 0.0390625
0 0.4625 0.0828125 0.0609375 0.0515625
0 0.29921875 0.05546875 0.034375 0.0390625
0 0.57890625 0.5875 0.040625 0.06875
0 0.621875 0.8703125 0.0359375 0.071875
0 0.1 0.83828125 0.0546875 0.0796875
0 0.51953125 0.47421875 0.0390625 0.0328125
0 0.559375 0.42109375 0.021875 0.059375
0 0.55625 0.34375 0.05 0.053125
0 0.62734375 0.2671875 0.075 0.08125
0 0.69921875 0.30234375 0.0359375 0.0484375
0 0.328125 0.8625 0.0359375 0.0515625
0 0.4109375 0.8125 0.0296875 0.03125
0 0.646875 0.63046875 0.01875 0.0421875
0 0.1515625 0.33046875 0.0421875 0.0453125
0 0.26328125 0.34921875 0.0203125 0.021875
0 0.384375 0.6359375 0.015625 0.0265625
0 0.4484375 0.6578125 0.040625 0.028125
0 0.8921875 0.1078125 0.040625 0.0484375
0 0.24375 0.6546875 0.021875 0.0328125
0 0.9203125 0.73203125 0.0296875 0.0265625
0 0.4953125 0.80703125 0.0234375 0.0203125
0 0.42578125 0.5671875 0.021875 0.028125
0 0.446875 0.2609375 0.0390625 0.046875