0 0.35078125 0.1953125 0.0609375 0.034375
0 0.48671875 0.41875 0.040625 0.06796875
0 0.9171875 0.43125 0.034375 0.0375
0 0.98671875 0.1375 0.0265625 0.03828125
0 0.43359375 0.08671875 0.0578125 0.04765625
0 0.26875 0.0703125 0.03125 0.03671875
0 0.58515625 0.58203125 0.03671875 0.06640625
0 0.64765625 0.8609375 0.03125 0.0703125
0 0.12421875 0.865625 0.04921875 0.07578125
0 0.51796875 0.47265625 0.0375 0.0296875
0 0.55390625 0.4171875 0.0171875 0.05859375
0 0.5453125 0.33984375 0.046875 0.05
0 0.6109375 0.25859375 0.06953125 0.07734375
0 0.68515625 0.2890625 0.03203125 0.046875
0 0.35390625 0.8734375 0.03203125 0.04921875
0 0.4328125 0.81796875 0.028125 0.02890625
0 0.65546875 0.61953125 0.015625 0.04140625
0 0.140625 0.35546875 0.0390625 0.04296875
0 0.253125 0.36640625 0.01953125 0.0203125
0 0.39453125 0.64375 0.0140625 0.025
0 0.459375 0.6609375 0.03828125 0.025
0 0.8640625 0.08125 0.0375 0.0453125
0 0.25546875 0.671875 0.0203125 0.03203125
0 0.93515625 0.70234375 0.02734375 0.025
0 0.51640625 0.80625 0.021875 0.01875
0 0.43046875 0.571875 0.0203125 0.0265625
0 0.43046875 0.26484375 0.0359375 0.04453125