0 0.13203125 0.39140625 0.08125 0.0859375
0 0.16171875 0.31015625 0.06875 0.05625
0 0.1171875 0.5125 0.059375 0.0578125
0 0.1671875 0.7609375 0.0515625 0.0578125
0 0.60234375 0.21015625 0.121875 0.153125
0 0.28515625 0.1390625 0.0515625 0.0921875
0 0.375 0.0296875 0.040625 0.0296875
0 0.75390625 0.5375 0.0515625 0.05625
0 0.19765625 0.35 0.046875 0.0515625
0 0.71015625 0.68125 0.084375 0.0625
0 0.43828125 0.4515625 0.021875 0.0203125
0 0.11875 0.98671875 0.028125 0.021875
0 0.5265625 0.95546875 0.0265625 0.0265625
0 0.27578125 0.428125 0.0203125 0.025
0 0.30546875 0.6578125 0.015625 0.021875
0 0.51640625 0.528125 0.025 0.0234375
0 0.38359375 0.565625 0.0265625 0.0265625