0 0.76875 0.2265625 0.0828125 0.0875
0 0.70390625 0.1703125 0.06875 0.05625
0 0.840625 0.32578125 0.059375 0.059375
0 0.9171875 0.5671875 0.053125 0.059375
0 0.2703125 0.29609375 0.1234375 0.153125
0 0.5125 0.0796875 0.053125 0.0921875
0 0.38125 0.028125 0.040625 0.0296875
0 0.12265625 0.12578125 0.0390625 0.034375
0 0.29609375 0.65546875 0.053125 0.0578125
0 0.69140625 0.221875 0.046875 0.053125
0 0.40390625 0.76015625 0.084375 0.0640625
0 0.53046875 0.428125 0.021875 0.0203125
0 0.69765625 0.9109375 0.0265625 0.0265625
0 0.6609375 0.328125 0.0203125 0.025
0 0.746875 0.54375 0.015625 0.021875
0 0.49921875 0.5328125 0.025 0.0234375
0 0.63359375 0.50078125 0.028125 0.0265625
0 0.0046875 0.16875 0.009375 0.053125