0 0.16953125 0.30546875 0.065625 0.07265625
0 0.21796875 0.234375 0.06015625 0.0421875
0 0.12578125 0.41953125 0.04921875 0.04765625
0 0.1140625 0.67265625 0.04140625 0.05
0 0.66953125 0.24375 0.09140625 0.134375
0 0.37890625 0.09765625 0.03125 0.0875
0 0.4921875 0.01328125 0.0359375 0.021875
0 0.7671875 0.040625 0.0328125 0.0265625
0 0.7375 0.59765625 0.04140625 0.0484375
0 0.24296875 0.28125 0.03671875 0.04453125
0 0.66015625 0.7265625 0.07578125 0.0453125
0 0.4515625 0.43828125 0.01875 0.015625
0 0.0125 0.8796875 0.025 0.01640625
0 0.415625 0.9484375 0.021875 0.021875
0 0.3 0.37578125 0.015625 0.021875
0 0.27265625 0.60625 0.0109375 0.0203125
0 0.509375 0.53125 0.0203125 0.01875
0 0.37109375 0.53515625 0.02265625 0.021875
0 0.91015625 0.04765625 0.0359375 0.0453125