0 0.28046875 0.8109375 0.05625 0.053125
0 0.89375 0.8078125 0.0390625 0.0859375
0 0.353125 0.625 0.053125 0.053125
0 0.78203125 0.615625 0.04375 0.04375
0 0.15625 0.56640625 0.075 0.071875
0 0.784375 0.54375 0.059375 0.05625
0 0.30234375 0.4421875 0.0640625 0.0578125
0 0.31328125 0.36015625 0.034375 0.03125
0 0.72890625 0.33671875 0.084375 0.0890625
0 0.8109375 0.33125 0.0625 0.075
0 0.84453125 0.1859375 0.04375 0.0484375
0 0.68671875 0.1390625 0.0515625 0.046875
0 0.81328125 0.1109375 0.08125 0.084375