0 0.30859375 0.17109375 0.0609375 0.059375
0 0.91875 0.22734375 0.046875 0.0890625
0 0.36484375 0.3625 0.0578125 0.0578125
0 0.79140625 0.409375 0.0484375 0.046875
0 0.16328125 0.40390625 0.0796875 0.0765625
0 0.78671875 0.48125 0.0625 0.0609375
0 0.2984375 0.540625 0.06875 0.0625
0 0.3015625 0.62265625 0.0359375 0.034375
0 0.7140625 0.6828125 0.090625 0.0953125
0 0.7953125 0.6953125 0.06875 0.0796875
0 0.815625 0.84296875 0.0484375 0.0515625
0 0.6546875 0.87578125 0.0546875 0.0515625
0 0.778125 0.91484375 0.0890625 0.090625