0 0.71953125 0.1890625 0.05703125 0.05390625
0 0.10625 0.1921875 0.0390625 0.0859375
0 0.646875 0.375 0.053125 0.05390625
0 0.21796875 0.384375 0.04453125 0.04296875
0 0.84375 0.43359375 0.07421875 0.07109375
0 0.215625 0.45625 0.05859375 0.05625
0 0.69765625 0.5578125 0.0640625 0.0578125
0 0.68671875 0.63984375 0.03359375 0.03203125
0 0.27109375 0.66328125 0.08359375 0.0890625
0 0.1890625 0.66875 0.0625 0.07421875
0 0.15546875 0.8140625 0.04453125 0.0484375
0 0.31328125 0.8609375 0.0515625 0.046875
0 0.18671875 0.8890625 0.08203125 0.08359375