0 0.44375 0.0953125 0.07421875 0.096875
0 0.6890625 0.11015625 0.04609375 0.07109375
0 0.37890625 0.2046875 0.03359375 0.059375
0 0.16328125 0.225 0.0640625 0.0671875
0 0.09375 0.234375 0.0671875 0.06328125
0 0.865625 0.27109375 0.04765625 0.06875
0 0.88515625 0.39375 0.065625 0.06171875
0 0.1625 0.41328125 0.03359375 0.0296875
0 0.38828125 0.4421875 0.04765625 0.0578125
0 0.29375 0.44296875 0.08359375 0.040625
0 0.6921875 0.50390625 0.0375 0.0390625
0 0.36328125 0.590625 0.03359375 0.0375
0 0.30625 0.64140625 0.0375 0.0390625
0 0.13828125 0.75234375 0.03203125 0.0890625
0 0.3828125 0.909375 0.0375 0.05390625
0 0.52421875 0.98984375 0.053125 0.01640625