0 0.5078125 0.90859375 0.0890625 0.1078125
0 0.74765625 0.85546875 0.05625 0.078125
0 0.4265625 0.8109375 0.0421875 0.0640625
0 0.21015625 0.82421875 0.0734375 0.0765625
0 0.140625 0.82578125 0.0765625 0.0734375
0 0.896875 0.66875 0.0578125 0.075
0 0.896875 0.54453125 0.075 0.071875
0 0.18046875 0.63828125 0.0375 0.034375
0 0.3984375 0.57421875 0.05625 0.0640625
0 0.30546875 0.58828125 0.0890625 0.053125
0 0.6890625 0.46640625 0.04375 0.04375
0 0.35078125 0.43203125 0.0390625 0.0421875
0 0.28671875 0.390625 0.04375 0.04375
0 0.103125 0.30703125 0.0453125 0.09375
0 0.3203125 0.1140625 0.0453125 0.059375
0 0.44765625 0.0125 0.0546875 0.025