0 0.415625 0.1 0.08125 0.1015625
0 0.66171875 0.09765625 0.0515625 0.0734375
0 0.35859375 0.2140625 0.0375 0.0609375
0 0.14453125 0.24921875 0.06875 0.071875
0 0.0765625 0.26328125 0.071875 0.0671875
0 0.8484375 0.24609375 0.0515625 0.071875
0 0.8765625 0.3671875 0.0703125 0.065625
0 0.15703125 0.43671875 0.0359375 0.03125
0 0.384375 0.45 0.0515625 0.0609375
0 0.290625 0.4578125 0.0859375 0.046875
0 0.6921875 0.490625 0.040625 0.0421875
0 0.3703125 0.6 0.0359375 0.0390625
0 0.31640625 0.6546875 0.040625 0.0421875
0 0.15703125 0.77734375 0.0375 0.090625
0 0.41171875 0.91640625 0.040625 0.05625
0 0.55859375 0.98671875 0.0546875 0.0203125