0 0.26953125 0.0453125 0.0375 0.034375
0 0.471875 0.05390625 0.16875 0.1078125
0 0.1921875 0.1390625 0.0796875 0.0984375
0 0.5171875 0.15859375 0.034375 0.0421875
0 0.571875 0.18046875 0.0421875 0.0609375
0 0.04375 0.26640625 0.0328125 0.0484375
0 0.50703125 0.209375 0.034375 0.04375
0 0.765625 0.2359375 0.0375 0.046875
0 0.27578125 0.3625 0.1265625 0.1734375
0 0.6109375 0.33828125 0.06875 0.075
0 0.76796875 0.534375 0.0625 0.0640625
0 0.07421875 0.6484375 0.0421875 0.065625
0 0.49453125 0.66796875 0.071875 0.0765625
0 0.57109375 0.6890625 0.0421875 0.0578125
0 0.625 0.73515625 0.0453125 0.059375
0 0.84765625 0.77578125 0.0515625 0.0515625
0 0.621875 0.8671875 0.05 0.05625
0 0.365625 0.9703125 0.096875 0.059375
0 0.98828125 0.9046875 0.0234375 0.046875
0 0.56875 0.96640625 0.128125 0.0671875