0 0.65625 0.01484375 0.03359375 0.0296875
0 0.45703125 0.04921875 0.1546875 0.0984375
0 0.74765625 0.0953125 0.0671875 0.0890625
0 0.4296875 0.165625 0.028125 0.0375
0 0.37890625 0.1953125 0.03359375 0.05625
0 0.9140625 0.19765625 0.0265625 0.04453125
0 0.44765625 0.2140625 0.028125 0.040625
0 0.19609375 0.28046875 0.03046875 0.04296875
0 0.7 0.32890625 0.103125 0.15859375
0 0.36484375 0.3578125 0.05859375 0.0671875
0 0.240625 0.57578125 0.0546875 0.05625
0 0.94375 0.5796875 0.03359375 0.06171875
0 0.53203125 0.66484375 0.0625 0.0671875
0 0.459375 0.69765625 0.03359375 0.05390625
0 0.41328125 0.7515625 0.0375 0.05390625
0 0.2 0.8265625 0.04453125 0.04453125
0 0.43671875 0.88203125 0.04296875 0.05
0 0.70859375 0.959375 0.08515625 0.078125
0 0.053125 0.98046875 0.07421875 0.03515625
0 0.5046875 0.97265625 0.12109375 0.05