0 0.55234375 0.99453125 0.0390625 0.0109375
0 0.3640625 0.93203125 0.171875 0.128125
0 0.6578125 0.94765625 0.084375 0.1015625
0 0.36171875 0.8125 0.0359375 0.0421875
0 0.31796875 0.77265625 0.0453125 0.0625
0 0.8421875 0.88203125 0.0359375 0.0484375
0 0.3890625 0.76875 0.0359375 0.0453125
0 0.15703125 0.6515625 0.0390625 0.0484375
0 0.66015625 0.70859375 0.134375 0.1765625
0 0.33828125 0.6109375 0.071875 0.078125
0 0.26171875 0.371875 0.065625 0.065625
0 0.95078125 0.5140625 0.0453125 0.0671875
0 0.565625 0.3453125 0.075 0.078125
0 0.5015625 0.2984375 0.04375 0.059375
0 0.4671875 0.2359375 0.0484375 0.0609375
0 0.27421875 0.11796875 0.053125 0.053125
0 0.5171875 0.11328125 0.053125 0.0578125
0 0.79921875 0.09375 0.1 0.09375
0 0.603125 0.03828125 0.128125 0.0734375