0 0.21328125 0.94375 0.075 0.0328125
0 0.04296875 0.9046875 0.0859375 0.046875
0 0.01015625 0.8109375 0.0203125 0.096875
0 0.7890625 0.92109375 0.071875 0.0640625
0 0.50625 0.715625 0.1359375 0.1328125
0 0.34609375 0.6125 0.0640625 0.0765625
0 0.55078125 0.6375 0.034375 0.040625
0 0.4390625 0.57265625 0.0828125 0.0765625
0 0.39140625 0.4953125 0.0390625 0.03125
0 0.59375 0.51640625 0.05625 0.0609375
0 0.37578125 0.459375 0.021875 0.0375
0 0.54296875 0.48828125 0.021875 0.025
0 0.10703125 0.3921875 0.04375 0.05
0 0.70703125 0.50390625 0.1140625 0.078125
0 0.9109375 0.534375 0.0421875 0.053125
0 0.54609375 0.44140625 0.01875 0.03125
0 0.2609375 0.3609375 0.0359375 0.034375
0 0.1875 0.20234375 0.04375 0.0390625
0 0.09453125 0.06484375 0.0484375 0.0671875
0 0.27734375 0.028125 0.2171875 0.05625