0 0.303125 0.009375 0.07265625 0.01875
0 0.128125 0.015625 0.084375 0.03125
0 0.04140625 0.09296875 0.0828125 0.0828125
0 0.8640625 0.1421875 0.0625 0.05390625
0 0.546875 0.28984375 0.1171875 0.11328125
0 0.3703125 0.36015625 0.0515625 0.06875
0 0.57578125 0.375 0.028125 0.03515625
0 0.45390625 0.4171875 0.07265625 0.06328125
0 0.3921875 0.48359375 0.03515625 0.02421875
0 0.5953125 0.5015625 0.04609375 0.05390625
0 0.3703125 0.51640625 0.015625 0.03515625
0 0.53984375 0.51953125 0.01796875 0.02265625
0 0.09375 0.53046875 0.03515625 0.04453125
0 0.70390625 0.5359375 0.1046875 0.059375
0 0.91015625 0.54453125 0.03359375 0.046875
0 0.534375 0.56640625 0.0140625 0.0296875
0 0.2390625 0.590625 0.03046875 0.0296875
0 0.13671875 0.7328125 0.0390625 0.03203125
0 0.01875 0.85 0.0375 0.06171875
0 0.1859375 0.9546875 0.20390625 0.0875