0 0.90546875 0.04296875 0.0921875 0.0859375
0 0.0953125 0.1890625 0.06875 0.0609375
0 0.428125 0.296875 0.1296875 0.1265625
0 0.61171875 0.3453125 0.059375 0.075
0 0.409375 0.38515625 0.0328125 0.0390625
0 0.5359375 0.4125 0.0796875 0.071875
0 0.6046875 0.4703125 0.0375 0.028125
0 0.40546875 0.51328125 0.0515625 0.059375
0 0.63046875 0.50078125 0.0203125 0.0375
0 0.4625 0.52421875 0.0203125 0.025
0 0.90703125 0.48046875 0.040625 0.0484375
0 0.30234375 0.56015625 0.1109375 0.071875
0 0.0984375 0.59453125 0.0390625 0.05
0 0.47421875 0.5703125 0.0171875 0.03125
0 0.7703125 0.5578125 0.034375 0.0328125
0 0.8890625 0.68671875 0.0421875 0.0359375
0 0.8671875 0.91328125 0.2125 0.1109375