0 0.5234375 0.053125 0.071875 0.10625
0 0.68515625 0.11484375 0.0359375 0.034375
0 0.41015625 0.10625 0.09375 0.1265625
0 0.5953125 0.15390625 0.040625 0.0390625
0 0.5390625 0.20859375 0.0625 0.0921875
0 0.81171875 0.25 0.04375 0.0734375
0 0.40234375 0.25 0.0546875 0.103125
0 0.7453125 0.27421875 0.04375 0.0703125
0 0.9015625 0.3171875 0.0703125 0.059375
0 0.79296875 0.32109375 0.0484375 0.05
0 0.5171875 0.31015625 0.021875 0.0453125
0 0.11171875 0.3296875 0.0421875 0.0546875
0 0.51875 0.36484375 0.0375 0.0484375
0 0.69765625 0.5015625 0.05625 0.059375
0 0.83046875 0.53203125 0.0359375 0.0453125
0 0.49453125 0.53359375 0.0515625 0.0640625
0 0.82734375 0.59921875 0.046875 0.059375
0 0.515625 0.60234375 0.0546875 0.0625
0 0.63984375 0.6109375 0.059375 0.084375
0 0.96015625 0.64140625 0.0375 0.0671875
0 0.12109375 0.60625 0.0375 0.0734375
0 0.90234375 0.734375 0.0515625 0.0703125
0 0.8578125 0.790625 0.0328125 0.0359375
0 0.81015625 0.8203125 0.025 0.0296875
0 0.696875 0.846875 0.0359375 0.0546875
0 0.6328125 0.978125 0.065625 0.04375
0 0.303125 0.9546875 0.0625 0.071875
0 0.45625 0.98203125 0.0359375 0.03125