0 0.49921875 0.05234375 0.0671875 0.10390625
0 0.33515625 0.10546875 0.03359375 0.03203125
0 0.61015625 0.11171875 0.08671875 0.12265625
0 0.42265625 0.14921875 0.0390625 0.0375
0 0.4765625 0.20703125 0.05859375 0.0890625
0 0.2015625 0.234375 0.040625 0.07109375
0 0.6109375 0.25546875 0.05 0.10078125
0 0.2671875 0.26171875 0.040625 0.06875
0 0.10859375 0.29609375 0.0671875 0.05625
0 0.21640625 0.30625 0.04609375 0.046875
0 0.49296875 0.309375 0.01953125 0.04453125
0 0.896875 0.35 0.0390625 0.05234375
0 0.48828125 0.3640625 0.03515625 0.046875
0 0.30234375 0.49140625 0.053125 0.05625
0 0.16796875 0.51484375 0.03359375 0.04296875
0 0.50390625 0.53359375 0.04765625 0.06171875
0 0.16796875 0.58203125 0.04453125 0.0578125
0 0.47890625 0.6015625 0.0515625 0.059375
0 0.3546875 0.603125 0.0546875 0.08203125
0 0.0328125 0.6171875 0.03359375 0.06484375
0 0.87265625 0.62578125 0.03359375 0.07109375
0 0.0859375 0.71328125 0.04765625 0.0671875
0 0.12734375 0.771875 0.03046875 0.03515625
0 0.1734375 0.80390625 0.0234375 0.028125
0 0.28515625 0.8359375 0.03359375 0.05234375
0 0.3421875 0.97421875 0.0625 0.0484375
0 0.67265625 0.9640625 0.05859375 0.06875
0 0.51875 0.98359375 0.03515625 0.0296875