0 0.59375 0.0625 0.0875 0.115625
0 0.74296875 0.1484375 0.0390625 0.0390625
0 0.47265625 0.09765625 0.1109375 0.1375
0 0.6484375 0.17265625 0.0453125 0.0453125
0 0.58359375 0.21796875 0.0765625 0.1
0 0.846875 0.30234375 0.0546875 0.078125
0 0.4421875 0.2375 0.0703125 0.109375
0 0.77734375 0.315625 0.0546875 0.075
0 0.925 0.38203125 0.078125 0.06875
0 0.81796875 0.36953125 0.0546875 0.0546875
0 0.546875 0.31484375 0.028125 0.046875
0 0.14296875 0.27109375 0.0484375 0.059375
0 0.53984375 0.36953125 0.04375 0.053125
0 0.6953125 0.5328125 0.0640625 0.065625
0 0.821875 0.58359375 0.0421875 0.0484375
0 0.4890625 0.53203125 0.059375 0.0703125
0 0.8078125 0.64921875 0.05625 0.065625
0 0.49921875 0.60390625 0.0625 0.06875
0 0.6203125 0.63125 0.0703125 0.0921875
0 0.9328125 0.71171875 0.046875 0.0703125
0 0.109375 0.5453125 0.046875 0.0765625
0 0.8609375 0.79453125 0.0609375 0.075
0 0.8078125 0.84375 0.0375 0.040625
0 0.75625 0.86484375 0.028125 0.0328125
0 0.640625 0.8734375 0.04375 0.0578125
0 0.5546875 0.9828125 0.071875 0.034375
0 0.234375 0.91796875 0.071875 0.0796875
0 0.38125 0.96875 0.040625 0.0359375