0 0.640625 0.03671875 0.0796875 0.0515625
0 0.81640625 0.09765625 0.16875 0.1234375
0 0.9390625 0.278125 0.0734375 0.071875
0 0.54140625 0.2203125 0.05625 0.06875
0 0.44921875 0.2921875 0.0578125 0.05625
0 0.36484375 0.28984375 0.0609375 0.075
0 0.6421875 0.3625 0.075 0.075
0 0.28828125 0.3109375 0.06875 0.0703125
0 0.50234375 0.3703125 0.040625 0.0453125
0 0.77578125 0.42109375 0.065625 0.096875
0 0.05390625 0.3625 0.0828125 0.0765625
0 0.96796875 0.5671875 0.05625 0.0578125
0 0.25625 0.45390625 0.0625 0.071875
0 0.4125 0.55 0.046875 0.0546875
0 0.50703125 0.61796875 0.0734375 0.0734375
0 0.234375 0.59921875 0.0625 0.0703125
0 0.39609375 0.66875 0.0859375 0.0765625
0 0.8109375 0.8140625 0.140625 0.115625