0 0.5578125 0.01953125 0.07421875 0.0390625
0 0.74140625 0.04921875 0.1546875 0.0984375
0 0.89375 0.20546875 0.0640625 0.06171875
0 0.4921875 0.2171875 0.04609375 0.06171875
0 0.4140625 0.30390625 0.05 0.0484375
0 0.33046875 0.31640625 0.05 0.0671875
0 0.61640625 0.33984375 0.0640625 0.06484375
0 0.25859375 0.35078125 0.05859375 0.06171875
0 0.4796875 0.371875 0.03515625 0.0390625
0 0.7578125 0.37421875 0.0515625 0.0890625
0 0.03671875 0.4421875 0.07265625 0.06484375
0 0.97265625 0.48515625 0.04765625 0.05
0 0.2515625 0.496875 0.0515625 0.06328125
0 0.42265625 0.5640625 0.0390625 0.0484375
0 0.52734375 0.61484375 0.0640625 0.06328125
0 0.25546875 0.64375 0.053125 0.06171875
0 0.42734375 0.684375 0.0765625 0.06484375
0 0.8609375 0.75546875 0.12578125 0.0953125
0 0.01796875 0.8578125 0.03515625 0.06875