0 0.384375 0.03046875 0.078125 0.0484375
0 0.20546875 0.08203125 0.165625 0.1171875
0 0.0734375 0.25546875 0.071875 0.06875
0 0.4734375 0.21796875 0.053125 0.0671875
0 0.56171875 0.29453125 0.05625 0.0546875
0 0.64609375 0.296875 0.0578125 0.0734375
0 0.36484375 0.35546875 0.071875 0.071875
0 0.72109375 0.32265625 0.065625 0.06875
0 0.5046875 0.3703125 0.0390625 0.04375
0 0.22890625 0.40625 0.0625 0.0953125
0 0.953125 0.3859375 0.0796875 0.0734375
0 0.02890625 0.54296875 0.053125 0.0546875
0 0.74609375 0.46640625 0.059375 0.06875
0 0.584375 0.55390625 0.0453125 0.053125
0 0.48671875 0.6171875 0.071875 0.0703125
0 0.76015625 0.6125 0.0609375 0.0671875
0 0.59453125 0.67421875 0.084375 0.0734375
0 0.17265625 0.79765625 0.1359375 0.109375