0 0.8203125 0.01875 0.0390625 0.0375
0 0.86875 0.0484375 0.025 0.0296875
0 0.22578125 0.08125 0.01796875 0.03203125
0 0.784375 0.121875 0.0375 0.03203125
0 0.05078125 0.17421875 0.03046875 0.03203125
0 0.3609375 0.1890625 0.03203125 0.0390625
0 0.66328125 0.19453125 0.04765625 0.046875
0 0.62890625 0.265625 0.04296875 0.05
0 0.346875 0.33984375 0.015625 0.0203125
0 0.05 0.353125 0.04609375 0.0390625
0 0.446875 0.36328125 0.05859375 0.040625
0 0.6703125 0.38203125 0.0546875 0.05625
0 0.34375 0.38359375 0.015625 0.01875
0 0.2578125 0.38984375 0.02109375 0.02421875
0 0.3234375 0.4203125 0.04296875 0.046875
0 0.4796875 0.44609375 0.05703125 0.046875
0 0.62265625 0.4546875 0.04765625 0.06328125
0 0.6875 0.48515625 0.0140625 0.028125
0 0.24609375 0.51015625 0.03515625 0.0578125
0 0.51328125 0.5140625 0.0140625 0.02265625
0 0.67421875 0.5140625 0.0234375 0.02265625
0 0.54765625 0.540625 0.01953125 0.03203125
0 0.42109375 0.5890625 0.04296875 0.06484375
0 0.67578125 0.590625 0.140625 0.09296875
0 0.17578125 0.615625 0.01796875 0.02421875
0 0.315625 0.646875 0.0546875 0.06484375
0 0.109375 0.66328125 0.0515625 0.059375
0 0.16484375 0.68046875 0.0140625 0.028125
0 0.4609375 0.7 0.01953125 0.02265625
0 0.39765625 0.71015625 0.02109375 0.0203125
0 0.17265625 0.71953125 0.0140625 0.02421875
0 0.60546875 0.7234375 0.053125 0.0578125
0 0.25390625 0.72734375 0.028125 0.0390625
0 0.44765625 0.7421875 0.04296875 0.04296875
0 0.30234375 0.78046875 0.028125 0.03359375
0 0.2140625 0.784375 0.090625 0.07109375
0 0.34375 0.8171875 0.03359375 0.04453125
0 0.54921875 0.84609375 0.0390625 0.03515625
0 0.3984375 0.86484375 0.05859375 0.05390625
0 0.1140625 0.96484375 0.078125 0.0671875