0 0.115625 0.06796875 0.04375 0.0421875
0 0.071875 0.10390625 0.028125 0.0328125
0 0.71328125 0.046875 0.021875 0.034375
0 0.165625 0.16484375 0.0421875 0.0375
0 0.89921875 0.11484375 0.034375 0.0359375
0 0.59453125 0.17265625 0.0375 0.04375
0 0.29609375 0.2203125 0.053125 0.053125
0 0.33984375 0.2859375 0.05 0.05625
0 0.6296875 0.3203125 0.01875 0.021875
0 0.925 0.2921875 0.0515625 0.0453125
0 0.53359375 0.35703125 0.0640625 0.0484375
0 0.31484375 0.40703125 0.0625 0.0640625
0 0.63828125 0.36328125 0.01875 0.0203125
0 0.72421875 0.35703125 0.025 0.0265625
0 0.6640625 0.396875 0.0484375 0.053125
0 0.5125 0.44375 0.0625 0.0546875
0 0.371875 0.471875 0.05625 0.06875
0 0.3125 0.51171875 0.0171875 0.0296875
0 0.753125 0.475 0.0421875 0.0625
0 0.4890625 0.515625 0.0171875 0.025
0 0.3296875 0.53828125 0.0265625 0.025
0 0.45859375 0.546875 0.0234375 0.034375
0 0.590625 0.57734375 0.0515625 0.0703125
0 0.33828125 0.6140625 0.1515625 0.1109375
0 0.8375 0.56953125 0.021875 0.0265625
0 0.703125 0.61953125 0.0625 0.071875
0 0.909375 0.60703125 0.059375 0.065625
0 0.85703125 0.63203125 0.0171875 0.0296875
0 0.56640625 0.69296875 0.021875 0.025
0 0.63046875 0.69375 0.0234375 0.0234375
0 0.8546875 0.671875 0.0171875 0.0265625
0 0.4265625 0.7359375 0.0609375 0.0640625
0 0.775 0.690625 0.0328125 0.0421875
0 0.58515625 0.7328125 0.0484375 0.0484375
0 0.73515625 0.75 0.0328125 0.0375
0 0.82265625 0.7421875 0.1 0.0828125
0 0.69921875 0.7921875 0.0390625 0.0484375
0 0.49921875 0.84921875 0.04375 0.040625
0 0.6515625 0.846875 0.065625 0.0609375
0 0.946875 0.90625 0.0859375 0.078125