0 0.8015625 0.00859375 0.028125 0.0171875
0 0.1703125 0.1234375 0.021875 0.034375
0 0.72890625 0.0859375 0.0421875 0.0375
0 0.01328125 0.23984375 0.0265625 0.0359375
0 0.31875 0.21171875 0.0375 0.04375
0 0.61953125 0.175 0.053125 0.053125
0 0.5953125 0.25 0.05 0.05625
0 0.32578125 0.3625 0.01875 0.021875
0 0.03359375 0.4171875 0.0515625 0.0453125
0 0.428125 0.371875 0.0640625 0.0484375
0 0.65234375 0.359375 0.0625 0.0640625
0 0.32890625 0.40625 0.01875 0.0203125
0 0.24453125 0.425 0.025 0.0265625
0 0.3140625 0.4453125 0.0484375 0.053125
0 0.47265625 0.44921875 0.0625 0.0546875
0 0.61484375 0.43828125 0.05625 0.06875
0 0.68359375 0.459375 0.0171875 0.0296875
0 0.25 0.5453125 0.0421875 0.0625
0 0.51484375 0.51171875 0.0171875 0.025
0 0.67421875 0.48984375 0.0265625 0.025
0 0.553125 0.53359375 0.0234375 0.034375
0 0.434375 0.59921875 0.0515625 0.0703125
0 0.68671875 0.565625 0.1515625 0.1109375
0 0.1953125 0.659375 0.021875 0.0265625
0 0.3375 0.67109375 0.0625 0.071875
0 0.1359375 0.71640625 0.059375 0.065625
0 0.19296875 0.725 0.0171875 0.0296875
0 0.4890625 0.703125 0.021875 0.025
0 0.428125 0.72265625 0.0234375 0.0234375
0 0.20625 0.76328125 0.0171875 0.0265625
0 0.63515625 0.70625 0.0609375 0.0640625
0 0.28828125 0.759375 0.0328125 0.0421875
0 0.48203125 0.746875 0.0484375 0.0484375
0 0.34296875 0.80546875 0.0328125 0.0375
0 0.25625 0.82109375 0.1 0.0828125
0 0.3890625 0.8359375 0.0390625 0.0484375
0 0.596875 0.8359375 0.04375 0.040625
0 0.45 0.87578125 0.065625 0.0609375
0 0.18203125 0.9875 0.0859375 0.025