0 0.29375 0.6140625 0.1015625 0.1703125
0 0.5375 0.246875 0.028125 0.0421875
0 0.46328125 0.290625 0.05 0.065625
0 0.7203125 0.25859375 0.0359375 0.0421875
0 0.6453125 0.33828125 0.0375 0.0453125
0 0.56328125 0.4125 0.03125 0.0359375
0 0.4265625 0.571875 0.0296875 0.0484375
0 0.24296875 0.89921875 0.021875 0.028125
0 0.61328125 0.81953125 0.03125 0.04375
0 0.80625 0.625 0.025 0.0234375
0 0.7171875 0.68984375 0.034375 0.0390625
0 0.68515625 0.565625 0.0359375 0.0375
0 0.8359375 0.0140625 0.10625 0.028125
0 0.65078125 0.6375 0.0375 0.0359375
0 0.63359375 0.71015625 0.0375 0.0390625
0 0.846875 0.2 0.0375 0.0796875
0 0.73203125 0.13671875 0.034375 0.0375
0 0.43046875 0.1609375 0.0625 0.03125
0 0.27265625 0.346875 0.0453125 0.0640625
0 0.5640625 0.625 0.021875 0.0234375
0 0.3921875 0.740625 0.0265625 0.03125
0 0.9421875 0.68828125 0.059375 0.0640625