0 0.30625 0.365625 0.1171875 0.1765625
0 0.5109375 0.75625 0.0328125 0.0453125
0 0.4421875 0.7046875 0.05625 0.06875
0 0.69375 0.76328125 0.0390625 0.04375
0 0.62734375 0.67578125 0.0421875 0.0484375
0 0.553125 0.59375 0.034375 0.0390625
0 0.434375 0.42109375 0.034375 0.05
0 0.2859375 0.0765625 0.025 0.0296875
0 0.64609375 0.19453125 0.034375 0.0453125
0 0.81796875 0.40703125 0.0265625 0.025
0 0.7359375 0.334375 0.0375 0.0421875
0 0.69140625 0.4546875 0.0390625 0.040625
0 0.6640625 0.37890625 0.040625 0.0390625
0 0.6546875 0.3046875 0.040625 0.0421875
0 0.8140625 0.83515625 0.0453125 0.08125
0 0.6921875 0.88515625 0.0375 0.0390625
0 0.3953125 0.8296875 0.065625 0.0375
0 0.2578125 0.62890625 0.05 0.0671875
0 0.57734375 0.38203125 0.0234375 0.025
0 0.41796875 0.24921875 0.028125 0.0328125
0 0.959375 0.359375 0.0640625 0.06875