0 0.715625 0.4046875 0.08828125 0.1625
0 0.440625 0.74921875 0.025 0.040625
0 0.51796875 0.71171875 0.04453125 0.06171875
0 0.259375 0.72109375 0.03203125 0.0390625
0 0.34140625 0.6484375 0.034375 0.0421875
0 0.4296875 0.58203125 0.02890625 0.03359375
0 0.5796875 0.43515625 0.02578125 0.04609375
0 0.790625 0.125 0.0203125 0.02578125
0 0.41484375 0.171875 0.02734375 0.04140625
0 0.20546875 0.3484375 0.02265625 0.02109375
0 0.3 0.2921875 0.03125 0.03671875
0 0.32109375 0.41875 0.03359375 0.034375
0 0.1203125 0.97265625 0.1015625 0.0546875
0 0.36171875 0.35 0.03515625 0.03359375
0 0.38515625 0.27890625 0.03515625 0.0359375
0 0.128125 0.76875 0.03125 0.0765625
0 0.2375 0.84140625 0.03125 0.034375
0 0.53984375 0.84375 0.0609375 0.0265625
0 0.71328125 0.67265625 0.03984375 0.0609375
0 0.446875 0.36953125 0.0203125 0.021875
0 0.628125 0.26953125 0.0234375 0.02890625
0 0.07578125 0.27421875 0.05390625 0.059375