0 0.4078125 0.14921875 0.040625 0.040625
0 0.3 0.19453125 0.03515625 0.0390625
0 0.10625 0.2078125 0.07109375 0.08359375
0 0.68125 0.21015625 0.0375 0.04453125
0 0.615625 0.2359375 0.040625 0.05
0 0.3484375 0.2515625 0.04296875 0.05625
0 0.5796875 0.2875 0.04453125 0.046875
0 0.0203125 0.3015625 0.040625 0.05625
0 0.85703125 0.3453125 0.04765625 0.05
0 0.14453125 0.3546875 0.0234375 0.0390625
0 0.7421875 0.4 0.05 0.059375
0 0.52734375 0.496875 0.04296875 0.0296875
0 0.61875 0.5078125 0.04765625 0.0390625
0 0.30546875 0.546875 0.08203125 0.0875
0 0.6859375 0.55703125 0.0390625 0.04453125
0 0.11640625 0.61015625 0.0375 0.046875
0 0.45703125 0.62265625 0.03046875 0.06484375
0 0.290625 0.64453125 0.0515625 0.04453125
0 0.21640625 0.65 0.03515625 0.0375
0 0.71328125 0.66484375 0.05859375 0.0375
0 0.03359375 0.6796875 0.04296875 0.059375
0 0.796875 0.68125 0.04765625 0.04453125
0 0.68046875 0.725 0.07421875 0.0578125
0 0.52734375 0.75078125 0.053125 0.059375
0 0.27890625 0.78828125 0.04296875 0.04296875
0 0.41171875 0.790625 0.053125 0.05390625
0 0.30546875 0.8625 0.07109375 0.0671875
0 0.24296875 0.921875 0.053125 0.0484375
0 0.1375 0.98515625 0.065625 0.02578125