0 0.66328125 0.82421875 0.0484375 0.0484375
0 0.759375 0.75703125 0.0421875 0.0453125
0 0.94609375 0.70390625 0.0875 0.096875
0 0.3828125 0.82109375 0.0453125 0.0515625
0 0.4421875 0.78203125 0.05 0.0578125
0 0.7 0.71171875 0.053125 0.0640625
0 0.46640625 0.72421875 0.053125 0.0546875
0 0.9921875 0.59453125 0.015625 0.0640625
0 0.1828125 0.72578125 0.05625 0.059375
0 0.878125 0.56796875 0.03125 0.04375
0 0.28359375 0.6484375 0.0609375 0.06875
0 0.47421875 0.50859375 0.0484375 0.0375
0 0.38203125 0.5171875 0.0546875 0.0484375
0 0.68046875 0.4140625 0.0984375 0.103125
0 0.30625 0.4828125 0.046875 0.0515625
0 0.85234375 0.3125 0.046875 0.053125
0 0.51640625 0.37109375 0.04375 0.0703125
0 0.675 0.31484375 0.059375 0.0546875
0 0.74609375 0.29453125 0.0421875 0.04375
0 0.25703125 0.3828125 0.065625 0.0484375
0 0.91875 0.22734375 0.0546875 0.0671875
0 0.171875 0.384375 0.05625 0.053125
0 0.2765625 0.3171875 0.084375 0.071875
0 0.42109375 0.26015625 0.0640625 0.06875
0 0.65625 0.171875 0.0515625 0.0515625
0 0.52578125 0.19765625 0.0625 0.0640625
0 0.61484375 0.1046875 0.0828125 0.08125
0 0.6640625 0.03359375 0.0625 0.0578125