0 0.5015625 0.1375 0.05 0.05
0 0.3859375 0.153125 0.04375 0.046875
0 0.1953125 0.115625 0.090625 0.0984375
0 0.75 0.2671875 0.0484375 0.053125
0 0.6796875 0.275 0.0515625 0.059375
0 0.41796875 0.22109375 0.05625 0.065625
0 0.63203125 0.315625 0.0546875 0.05625
0 0.08828125 0.184375 0.053125 0.065625
0 0.88515625 0.44296875 0.059375 0.0609375
0 0.19453125 0.26796875 0.0328125 0.04375
0 0.76015625 0.46640625 0.0640625 0.0703125
0 0.52734375 0.50390625 0.0484375 0.0390625
0 0.6125 0.53828125 0.05625 0.05
0 0.3 0.4953125 0.1015625 0.10625
0 0.66484375 0.603125 0.05 0.053125
0 0.10078125 0.50703125 0.0484375 0.0546875
0 0.4265625 0.60703125 0.046875 0.0703125
0 0.26015625 0.58515625 0.0609375 0.05625
0 0.1875 0.571875 0.04375 0.0453125
0 0.66328125 0.7140625 0.065625 0.0515625
0 0.015625 0.553125 0.03125 0.06875
0 0.73984375 0.7515625 0.0578125 0.0546875
0 0.61640625 0.7640625 0.0859375 0.075
0 0.46171875 0.74921875 0.0671875 0.071875
0 0.21171875 0.72109375 0.053125 0.053125
0 0.33984375 0.7578125 0.065625 0.065625
0 0.21796875 0.8 0.0859375 0.0828125
0 0.1421875 0.840625 0.0640625 0.0609375
0 0.0296875 0.87421875 0.059375 0.0421875