0 0.67734375 0.93125 0.078125 0.1015625
0 0.78203125 0.709375 0.08125 0.0734375
0 0.26875 0.73515625 0.1234375 0.0859375
0 0.3625 0.68515625 0.046875 0.05
0 0.953125 0.58125 0.0671875 0.034375
0 0.26640625 0.61484375 0.040625 0.0453125
0 0.95859375 0.4875 0.04375 0.0515625
0 0.39375 0.47890625 0.0296875 0.05625
0 0.96484375 0.4125 0.0421875 0.0515625
0 0.53125 0.35703125 0.10625 0.1078125
0 0.928125 0.31015625 0.040625 0.046875
0 0.1828125 0.3328125 0.0609375 0.0625
0 0.478125 0.2484375 0.06875 0.0859375
0 0.3125 0.18046875 0.053125 0.078125
0 0.72265625 0.06796875 0.0640625 0.0765625
0 0.62265625 0.01328125 0.0734375 0.0265625