0 0.60703125 0.04921875 0.0796875 0.0984375
0 0.7453125 0.2484375 0.0828125 0.075
0 0.23515625 0.30390625 0.125 0.0875
0 0.33515625 0.3390625 0.046875 0.05
0 0.934375 0.34921875 0.0671875 0.0359375
0 0.25078125 0.42265625 0.040625 0.0453125
0 0.95546875 0.440625 0.0453125 0.0515625
0 0.3984375 0.5375 0.03125 0.05625
0 0.97265625 0.51328125 0.04375 0.0515625
0 0.553125 0.63671875 0.1078125 0.109375
0 0.953125 0.6203125 0.040625 0.046875
0 0.21328125 0.71484375 0.0625 0.0640625
0 0.51796875 0.7515625 0.06875 0.0875
0 0.36484375 0.8453125 0.0546875 0.078125
0 0.7875 0.8921875 0.0640625 0.078125
0 0.6984375 0.96640625 0.0734375 0.0375