0 0.646875 0.0578125 0.07109375 0.096875
0 0.76640625 0.27109375 0.0765625 0.06875
0 0.253125 0.28125 0.11875 0.078125
0 0.35 0.325 0.04296875 0.046875
0 0.94609375 0.3875 0.065625 0.0296875
0 0.25859375 0.4015625 0.0375 0.04296875
0 0.95859375 0.48046875 0.040625 0.0484375
0 0.3953125 0.528125 0.0265625 0.05390625
0 0.96953125 0.5546875 0.0390625 0.0484375
0 0.54140625 0.640625 0.09921875 0.10078125
0 0.940625 0.659375 0.0375 0.04453125
0 0.1953125 0.6890625 0.05703125 0.059375
0 0.49609375 0.75234375 0.0625 0.08203125
0 0.33515625 0.83203125 0.04765625 0.07421875
0 0.75234375 0.915625 0.05859375 0.07265625
0 0.65703125 0.98203125 0.07109375 0.03203125