0 0.2265625 0.0234375 0.0375 0.046875
0 0.08984375 0.0796875 0.0765625 0.078125
0 0.34296875 0.103125 0.0390625 0.0390625
0 0.31328125 0.1859375 0.05859375 0.07421875
0 0.24609375 0.29296875 0.04765625 0.0578125
0 0.15546875 0.3046875 0.0546875 0.06171875
0 0.79609375 0.3640625 0.04609375 0.04296875
0 0.321875 0.40703125 0.05703125 0.125
0 0.22890625 0.4109375 0.04296875 0.04296875
0 0.24765625 0.47734375 0.0375 0.04296875
0 0.51484375 0.48046875 0.08203125 0.0859375
0 0.36171875 0.66796875 0.04765625 0.07265625
0 0.88828125 0.67890625 0.07421875 0.0765625
0 0.65078125 0.71328125 0.0625 0.059375
0 0.8890625 0.92734375 0.040625 0.0484375
0 0.0171875 0.9625 0.03359375 0.06328125
0 0.53125 0.98203125 0.078125 0.03203125