0 0.821875 0.97265625 0.090625 0.0546875
0 0.578125 0.91953125 0.0453125 0.0453125
0 0.6234375 0.84375 0.071875 0.084375
0 0.709375 0.7515625 0.0578125 0.065625
0 0.80078125 0.7578125 0.065625 0.0703125
0 0.18359375 0.5765625 0.053125 0.0515625
0 0.65703125 0.625 0.0796875 0.1328125
0 0.74921875 0.6390625 0.05 0.05
0 0.74375 0.5703125 0.0453125 0.05
0 0.48203125 0.51640625 0.096875 0.1
0 0.66796875 0.36171875 0.0609375 0.0796875
0 0.153125 0.25 0.0875 0.0890625
0 0.39296875 0.26171875 0.0734375 0.0703125
0 0.19921875 0.01640625 0.0484375 0.0328125
0 0.56015625 0.021875 0.0828125 0.04375