0 0.2953125 0.0078125 0.04375 0.015625
0 0.15234375 0.03515625 0.0859375 0.0703125
0 0.4 0.08515625 0.04375 0.04375
0 0.35859375 0.16328125 0.06875 0.08125
0 0.27734375 0.259375 0.0546875 0.0640625
0 0.1859375 0.25859375 0.0625 0.06875
0 0.8125 0.40625 0.0515625 0.0484375
0 0.33671875 0.3828125 0.0734375 0.13125
0 0.24375 0.37421875 0.0484375 0.0484375
0 0.253125 0.4421875 0.04375 0.0484375
0 0.5171875 0.4828125 0.09375 0.096875
0 0.33984375 0.646875 0.0578125 0.078125
0 0.859375 0.73125 0.084375 0.0859375
0 0.61953125 0.73203125 0.0703125 0.0671875
0 0.825 0.975 0.046875 0.05
0 0.4640625 0.98046875 0.08125 0.0390625