0 0.57265625 0.28515625 0.0796875 0.059375
0 0.80703125 0.42109375 0.13671875 0.15234375
0 0.24765625 0.4484375 0.05859375 0.040625
0 0.47578125 0.46484375 0.04609375 0.05390625
0 0.9078125 0.46953125 0.078125 0.0671875
0 0.153125 0.51171875 0.03203125 0.0484375
0 0.23828125 0.61171875 0.0671875 0.05390625
0 0.36953125 0.64765625 0.0390625 0.05234375
0 0.44375 0.72890625 0.053125 0.05390625
0 0.03046875 0.7953125 0.04296875 0.08203125
0 0.0125 0.94609375 0.025 0.0671875
0 0.6703125 0.95 0.1015625 0.096875
0 0.28828125 0.97734375 0.11875 0.040625