0 0.621875 0.0265625 0.084375 0.0390625
0 0.77734375 0.06484375 0.0640625 0.05625
0 0.21484375 0.10234375 0.0484375 0.053125
0 0.146875 0.15546875 0.0734375 0.075
0 0.57578125 0.3140625 0.0609375 0.0421875
0 0.25078125 0.309375 0.0546875 0.0375
0 0.36875 0.3765625 0.0421875 0.0515625
0 0.68984375 0.478125 0.04375 0.04375
0 0.60234375 0.48984375 0.0890625 0.071875
0 0.1625 0.546875 0.109375 0.1171875
0 0.51328125 0.62421875 0.053125 0.0796875
0 0.22265625 0.7140625 0.06875 0.0859375
0 0.3484375 0.75703125 0.0515625 0.0625
0 0.39765625 0.81875 0.0625 0.0734375
0 0.75625 0.89453125 0.06875 0.0890625
0 0.13828125 0.90859375 0.1828125 0.1171875