0 0.571875 0.01640625 0.0828125 0.03125
0 0.7296875 0.03828125 0.059375 0.0515625
0 0.175 0.134375 0.04375 0.0484375
0 0.11328125 0.19375 0.0671875 0.06875
0 0.55546875 0.30703125 0.0578125 0.0359375
0 0.2328125 0.33671875 0.0515625 0.0328125
0 0.35625 0.39140625 0.0390625 0.046875
0 0.68671875 0.45859375 0.0390625 0.0390625
0 0.6 0.47890625 0.0828125 0.0625
0 0.16953125 0.58203125 0.1 0.1078125
0 0.52578125 0.62265625 0.0453125 0.075
0 0.246875 0.74140625 0.0609375 0.08125
0 0.3765625 0.77109375 0.0453125 0.0578125
0 0.43203125 0.828125 0.05625 0.06875
0 0.79609375 0.865625 0.059375 0.0828125
0 0.1828125 0.94453125 0.175 0.1