0 0.56328125 0.01484375 0.08203125 0.0296875
0 0.721875 0.034375 0.05859375 0.05
0 0.16875 0.13984375 0.04296875 0.0484375
0 0.1078125 0.20078125 0.065625 0.0671875
0 0.55234375 0.30625 0.05703125 0.03515625
0 0.2296875 0.34140625 0.0515625 0.03203125
0 0.3546875 0.39375 0.0375 0.046875
0 0.6859375 0.45546875 0.0390625 0.0390625
0 0.6 0.47734375 0.08203125 0.06171875
0 0.17109375 0.5875 0.09765625 0.10625
0 0.528125 0.621875 0.04453125 0.07421875
0 0.25078125 0.74609375 0.06015625 0.0796875
0 0.38125 0.7734375 0.04453125 0.0578125
0 0.4375 0.82890625 0.0546875 0.0671875
0 0.80234375 0.86015625 0.05859375 0.08203125
0 0.190625 0.95 0.17265625 0.096875