0 0.678125 0.965625 0.0625 0.06875
0 0.4046875 0.8578125 0.0453125 0.0453125
0 0.1375 0.80546875 0.071875 0.0828125
0 0.321875 0.76640625 0.034375 0.046875
0 0.428125 0.775 0.040625 0.0484375
0 0.36484375 0.7296875 0.0578125 0.0609375
0 0.8125 0.765625 0.1046875 0.146875
0 0.23671875 0.63125 0.0609375 0.0875
0 0.50390625 0.596875 0.0484375 0.0453125
0 0.3890625 0.55859375 0.0453125 0.0421875
0 0.47109375 0.54921875 0.05 0.0546875
0 0.11328125 0.44609375 0.06875 0.05625
0 0.50625 0.46796875 0.046875 0.0578125
0 0.77890625 0.47421875 0.0578125 0.0953125
0 0.1671875 0.3 0.1171875 0.128125
0 0.71171875 0.2078125 0.11875 0.0734375
0 0.30859375 0.08984375 0.08125 0.078125
0 0.93125 0.08671875 0.065625 0.065625