0 0.621875 0.00546875 0.0640625 0.0109375
0 0.7421875 0.05859375 0.053125 0.071875
0 0.45546875 0.13203125 0.040625 0.040625
0 0.18359375 0.146875 0.0625 0.075
0 0.3609375 0.21171875 0.028125 0.04375
0 0.4671875 0.21796875 0.034375 0.04375
0 0.3984375 0.25390625 0.0515625 0.053125
0 0.84609375 0.28046875 0.0875 0.1359375
0 0.2578125 0.33359375 0.05 0.08125
0 0.5171875 0.4046875 0.04375 0.0390625
0 0.3984375 0.4265625 0.040625 0.0375
0 0.478125 0.446875 0.04375 0.0484375
0 0.109375 0.49921875 0.0625 0.0484375
0 0.5015625 0.5328125 0.040625 0.053125
0 0.77265625 0.5640625 0.046875 0.0890625
0 0.14296875 0.6515625 0.1015625 0.115625
0 0.66875 0.81875 0.1125 0.0578125
0 0.253125 0.8796875 0.071875 0.06875
0 0.86953125 0.96953125 0.059375 0.0578125