0 0.378125 0.00546875 0.0640625 0.0109375
0 0.2578125 0.05859375 0.053125 0.07265625
0 0.54453125 0.13203125 0.040625 0.040625
0 0.81640625 0.146875 0.0625 0.07421875
0 0.6390625 0.21171875 0.028125 0.04296875
0 0.5328125 0.21796875 0.03515625 0.04453125
0 0.6015625 0.25390625 0.0515625 0.05390625
0 0.15390625 0.28046875 0.08671875 0.1359375
0 0.7421875 0.33359375 0.05 0.08203125
0 0.4828125 0.4046875 0.04296875 0.0390625
0 0.6015625 0.4265625 0.040625 0.0375
0 0.521875 0.446875 0.04296875 0.0484375
0 0.890625 0.49921875 0.0625 0.0484375
0 0.4984375 0.5328125 0.040625 0.05234375
0 0.22734375 0.5640625 0.04609375 0.0890625
0 0.85703125 0.6515625 0.1015625 0.115625
0 0.33125 0.81875 0.11171875 0.0578125
0 0.746875 0.8796875 0.07265625 0.06875
0 0.13046875 0.96953125 0.05859375 0.0578125