0 0.57109375 0.09140625 0.0390625 0.0484375
0 0.503125 0.084375 0.05 0.0484375
0 0.53203125 0.18671875 0.0390625 0.0609375
0 0.8734375 0.26875 0.0515625 0.0765625
0 0.9453125 0.31328125 0.053125 0.0515625
0 0.51015625 0.30078125 0.05625 0.053125
0 0.62265625 0.3828125 0.0640625 0.0953125
0 0.078125 0.359375 0.0734375 0.059375
0 0.9546875 0.51953125 0.078125 0.0640625
0 0.0109375 0.4359375 0.0203125 0.0484375
0 0.1140625 0.5171875 0.10625 0.0703125
0 0.2453125 0.5796875 0.05 0.0546875
0 0.115625 0.64609375 0.05 0.0703125
0 0.490625 0.703125 0.065625 0.071875
0 0.90078125 0.75390625 0.0578125 0.0703125
0 0.32734375 0.6984375 0.071875 0.1015625
0 0.01875 0.8578125 0.0375 0.078125
0 0.08828125 0.93984375 0.0734375 0.03125