0 0.47734375 0.9140625 0.0375 0.0484375
0 0.409375 0.90625 0.0484375 0.046875
0 0.4609375 0.8125 0.0375 0.0609375
0 0.81171875 0.809375 0.05 0.075
0 0.8921875 0.78203125 0.0515625 0.0515625
0 0.46484375 0.696875 0.05625 0.0515625
0 0.59375 0.6421875 0.0625 0.09375
0 0.05703125 0.5421875 0.071875 0.059375
0 0.94765625 0.5828125 0.0765625 0.0640625
0 0.009375 0.45234375 0.01875 0.0484375
0 0.12734375 0.39609375 0.1046875 0.06875
0 0.26953125 0.36484375 0.05 0.0546875
0 0.15859375 0.27109375 0.05 0.06875
0 0.53671875 0.3 0.065625 0.0703125
0 0.94765625 0.34296875 0.05625 0.0703125
0 0.3765625 0.26796875 0.0703125 0.1015625
0 0.04921875 0.08359375 0.021875 0.0625
0 0.10390625 0.040625 0.0546875 0.0765625