0 0.52109375 0.0859375 0.03359375 0.04453125
0 0.45234375 0.08671875 0.04453125 0.04296875
0 0.49375 0.18515625 0.03203125 0.0578125
0 0.8421875 0.225 0.04296875 0.07109375
0 0.91953125 0.26015625 0.04765625 0.046875
0 0.4859375 0.30078125 0.0515625 0.046875
0 0.6078125 0.36875 0.053125 0.0890625
0 0.0640625 0.41171875 0.0671875 0.05234375
0 0.95390625 0.4640625 0.07109375 0.05625
0 0.00703125 0.49609375 0.0140625 0.046875
0 0.11875 0.5640625 0.09921875 0.059375
0 0.25703125 0.61015625 0.04453125 0.05
0 0.13671875 0.6921875 0.04296875 0.06484375
0 0.515625 0.703125 0.05859375 0.06484375
0 0.92890625 0.703125 0.05 0.06484375
0 0.353125 0.71796875 0.06015625 0.0953125
0 0.0078125 0.8671875 0.015625 0.06171875
0 0.0578125 0.915625 0.04765625 0.07265625
0 0.1453125 0.98671875 0.07109375 0.02265625