0 0.48984375 0.409375 0.0625 0.075
0 0.77421875 0.2109375 0.1671875 0.15625
0 0.91640625 0.32890625 0.059375 0.0578125
0 0.9296875 0.59921875 0.0453125 0.0546875
0 0.31484375 0.8 0.0546875 0.0984375
0 0.02265625 0.4640625 0.0453125 0.0625
0 0.44765625 0.5890625 0.04375 0.0328125
0 0.1296875 0.62578125 0.034375 0.03125
0 0.2625 0.5921875 0.04375 0.028125
0 0.54140625 0.7203125 0.028125 0.025
0 0.83671875 0.84140625 0.0390625 0.034375
0 0.59375 0.3640625 0.034375 0.025
0 0.671875 0.29375 0.03125 0.021875
0 0.528125 0.17421875 0.0421875 0.034375
0 0.35234375 0.1765625 0.0203125 0.0265625
0 0.2609375 0.08984375 0.065625 0.059375
0 0.6796875 0.475 0.0359375 0.025
0 0.61953125 0.62734375 0.0359375 0.0296875