0 0.5359375 0.58359375 0.059375 0.0734375
0 0.32265625 0.85625 0.1625 0.15
0 0.1515625 0.78515625 0.0578125 0.05625
0 0.06015625 0.53046875 0.0421875 0.053125
0 0.58984375 0.159375 0.05 0.096875
0 0.96953125 0.39375 0.0484375 0.0609375
0 0.52421875 0.39921875 0.0421875 0.03125
0 0.8171875 0.27109375 0.0328125 0.0296875
0 0.7 0.3421875 0.0421875 0.0265625
0 0.39609375 0.30078125 0.0265625 0.0234375
0 0.078125 0.271875 0.0390625 0.0328125
0 0.45 0.65703125 0.034375 0.0234375
0 0.39609375 0.74765625 0.03125 0.0203125
0 0.56875 0.81953125 0.0421875 0.0328125
0 0.7359375 0.76640625 0.01875 0.0265625
0 0.84921875 0.82265625 0.0625 0.0578125
0 0.33515625 0.57578125 0.0359375 0.0234375
0 0.3484375 0.41328125 0.034375 0.028125