0 0.47421875 0.4125 0.05234375 0.0671875
0 0.71953125 0.16796875 0.146875 0.1328125
0 0.88046875 0.259375 0.0515625 0.05
0 0.940625 0.5234375 0.03671875 0.0484375
0 0.36953125 0.82734375 0.0390625 0.09296875
0 0.02109375 0.5484375 0.0421875 0.05625
0 0.4640625 0.596875 0.0390625 0.0265625
0 0.15703125 0.68828125 0.0296875 0.0265625
0 0.28203125 0.63203125 0.03984375 0.021875
0 0.57890625 0.71015625 0.02421875 0.02109375
0 0.890625 0.778125 0.03515625 0.028125
0 0.56875 0.35 0.03203125 0.0203125
0 0.63359375 0.2671875 0.02890625 0.01640625
0 0.47109375 0.17421875 0.03828125 0.028125
0 0.2984375 0.20703125 0.015625 0.02421875
0 0.19296875 0.1375 0.05703125 0.05078125
0 0.67265625 0.44453125 0.03359375 0.01953125
0 0.63984375 0.6046875 0.03203125 0.025