0 0.66328125 0.24375 0.053125 0.03125
0 0.61640625 0.2171875 0.0625 0.0875
0 0.2234375 0.0734375 0.04375 0.053125
0 0.10234375 0.2859375 0.0296875 0.0625
0 0.90625 0.9703125 0.034375 0.05
0 0.8265625 0.825 0.065625 0.0484375
0 0.7171875 0.95 0.04375 0.0375
0 0.63828125 0.984375 0.034375 0.03125
0 0.5265625 0.98515625 0.0625 0.0296875
0 0.40078125 0.60234375 0.034375 0.0796875
0 0.5015625 0.265625 0.0578125 0.0296875
0 0.44921875 0.25546875 0.053125 0.0453125
0 0.48984375 0.09375 0.0578125 0.0328125
0 0.52734375 0.60078125 0.0265625 0.028125
0 0.59140625 0.42109375 0.0265625 0.0375
0 0.51484375 0.39453125 0.03125 0.034375
0 0.48515625 0.390625 0.03125 0.028125
0 0.7546875 0.3625 0.040625 0.040625
0 0.13203125 0.56171875 0.0703125 0.059375