0 0.33671875 0.24375 0.053125 0.03125
0 0.38359375 0.2171875 0.0625 0.08828125
0 0.7765625 0.0734375 0.04296875 0.05234375
0 0.89765625 0.2859375 0.0296875 0.0625
0 0.09375 0.9703125 0.03515625 0.05078125
0 0.1734375 0.825 0.06484375 0.0484375
0 0.2828125 0.95 0.04375 0.0375
0 0.36171875 0.984375 0.03515625 0.03125
0 0.4734375 0.98515625 0.0625 0.0296875
0 0.59921875 0.60234375 0.03359375 0.0796875
0 0.4984375 0.265625 0.0578125 0.0296875
0 0.55078125 0.25546875 0.05234375 0.0453125
0 0.51015625 0.09375 0.0578125 0.0328125
0 0.47265625 0.60078125 0.0265625 0.028125
0 0.40859375 0.42109375 0.0265625 0.0375
0 0.48515625 0.39453125 0.03046875 0.034375
0 0.51484375 0.390625 0.03203125 0.02734375
0 0.2453125 0.3625 0.03984375 0.04140625
0 0.86796875 0.56171875 0.0703125 0.06015625