0 0.2796875 0.290625 0.059375 0.04375
0 0.31875 0.25390625 0.08125 0.1
0 0.66484375 0.025 0.0546875 0.05
0 0.834375 0.19609375 0.04375 0.0671875
0 0.26171875 0.89453125 0.075 0.0625
0 0.39765625 0.9828125 0.0515625 0.034375
0 0.48203125 0.99140625 0.0421875 0.0171875
0 0.59140625 0.97734375 0.0671875 0.04375
0 0.62109375 0.575 0.0515625 0.0859375
0 0.44140625 0.27265625 0.0625 0.0421875
0 0.48984375 0.25078125 0.0625 0.05625
0 0.41171875 0.103125 0.0640625 0.0453125
0 0.49765625 0.6046875 0.0328125 0.034375
0 0.3921875 0.4453125 0.034375 0.0421875
0 0.46015625 0.4015625 0.0375 0.040625
0 0.48828125 0.390625 0.0375 0.034375
0 0.21953125 0.428125 0.0484375 0.05
0 0.871875 0.47109375 0.0828125 0.075