0 0.165625 0.45234375 0.0421875 0.04765625
0 0.221875 0.43671875 0.0578125 0.0703125
0 0.8453125 0.2375 0.11796875 0.07578125
0 0.79140625 0.1078125 0.046875 0.0375
0 0.56484375 0.1234375 0.03984375 0.05234375
0 0.6375 0.25546875 0.02109375 0.03984375
0 0.67421875 0.21171875 0.02578125 0.05703125
0 0.6765625 0.46953125 0.0203125 0.05
0 0.73671875 0.3859375 0.0828125 0.028125
0 0.83984375 0.8015625 0.0953125 0.05859375
0 0.35703125 0.8453125 0.04140625 0.03359375
0 0.3328125 0.79296875 0.0484375 0.04140625
0 0.28515625 0.3671875 0.0578125 0.040625
0 0.35625 0.3453125 0.04609375 0.046875
0 0.16328125 0.36484375 0.021875 0.0359375
0 0.225 0.3234375 0.04296875 0.0375
0 0.16328125 0.646875 0.025 0.06328125
0 0.40625 0.075 0.0375 0.04609375
0 0.49140625 0.73515625 0.034375 0.03828125
0 0.03359375 0.94921875 0.02890625 0.0484375