0 0.1890625 0.3671875 0.053125 0.05625
0 0.24765625 0.3671875 0.0734375 0.0828125
0 0.9015625 0.3359375 0.1328125 0.103125
0 0.8828125 0.196875 0.0546875 0.0484375
0 0.66015625 0.153125 0.0515625 0.0609375
0 0.69609375 0.29921875 0.03125 0.04375
0 0.74296875 0.26640625 0.0390625 0.0625
0 0.678125 0.51640625 0.0328125 0.053125
0 0.7578125 0.45078125 0.0875 0.0484375
0 0.75 0.87890625 0.1078125 0.08125
0 0.27265625 0.796875 0.0484375 0.04375
0 0.2625 0.73984375 0.0578125 0.053125
0 0.3265625 0.31640625 0.065625 0.0546875
0 0.4015625 0.31328125 0.05625 0.0578125
0 0.209375 0.28203125 0.0296875 0.040625
0 0.2796875 0.25859375 0.0515625 0.046875
0 0.13671875 0.5546875 0.040625 0.0671875
0 0.51953125 0.06484375 0.0484375 0.0546875
0 0.43046875 0.725 0.04375 0.0453125