0 0.82890625 0.4234375 0.046875 0.0515625
0 0.771875 0.4125 0.0640625 0.075
0 0.1328125 0.26875 0.1234375 0.0859375
0 0.17578125 0.134375 0.05 0.0421875
0 0.40234375 0.13046875 0.04375 0.05625
0 0.34140625 0.26875 0.025 0.0421875
0 0.3015625 0.228125 0.03125 0.059375
0 0.32109375 0.48515625 0.025 0.0515625
0 0.25390625 0.40703125 0.084375 0.0359375
0 0.1875 0.8296875 0.1 0.0671875
0 0.67265625 0.83125 0.04375 0.0375
0 0.6921875 0.77734375 0.0515625 0.0453125
0 0.70234375 0.34921875 0.0609375 0.0453125
0 0.6296875 0.33359375 0.05 0.05
0 0.8234375 0.3359375 0.025 0.0375
0 0.75859375 0.3 0.0453125 0.040625
0 0.8484375 0.6171875 0.0296875 0.065625
0 0.55625 0.06875 0.040625 0.0484375
0 0.52890625 0.73359375 0.0375 0.040625
0 0.99375 0.90625 0.0125 0.05