0 0.221875 0.6484375 0.0421875 0.0296875
0 0.26640625 0.5890625 0.0265625 0.05234375
0 0.0734375 0.9640625 0.090625 0.071875
0 0.3359375 0.75859375 0.0390625 0.0546875
0 0.4046875 0.82890625 0.034375 0.059375
0 0.25390625 0.23671875 0.02578125 0.0546875
0 0.80546875 0.17109375 0.015625 0.02734375
0 0.52734375 0.4171875 0.09453125 0.08125
0 0.03984375 0.67578125 0.03515625 0.0421875
0 0.134375 0.6484375 0.04375 0.03359375
0 0.46640625 0.5046875 0.03125 0.03203125
0 0.57734375 0.18515625 0.11171875 0.09609375
0 0.1875 0.971875 0.09921875 0.05625
0 0.5703125 0.86171875 0.05 0.046875
0 0.4578125 0.8515625 0.040625 0.03828125
0 0.3265625 0.64453125 0.0515625 0.0625
0 0.440625 0.61953125 0.025 0.021875
0 0.63203125 0.390625 0.03515625 0.03515625
0 0.3828125 0.48203125 0.03046875 0.0328125
0 0.575 0.52421875 0.05390625 0.034375
0 0.0421875 0.2234375 0.07421875 0.0453125
0 0.17421875 0.18671875 0.04765625 0.0296875
0 0.9015625 0.1765625 0.040625 0.0375
0 0.61171875 0.2671875 0.02890625 0.02421875