0 0.78046875 0.64375 0.0421875 0.0296875
0 0.73515625 0.58515625 0.028125 0.053125
0 0.934375 0.95625 0.0921875 0.0734375
0 0.66875 0.75546875 0.040625 0.0546875
0 0.60078125 0.82734375 0.0359375 0.059375
0 0.74140625 0.2328125 0.0265625 0.0546875
0 0.1890625 0.1765625 0.015625 0.028125
0 0.47109375 0.41796875 0.0953125 0.0828125
0 0.96328125 0.66796875 0.0359375 0.0421875
0 0.86796875 0.6421875 0.04375 0.034375
0 0.53359375 0.50390625 0.03125 0.0328125
0 0.4171875 0.18671875 0.1140625 0.0984375
0 0.8203125 0.96640625 0.1 0.0578125
0 0.4359375 0.86328125 0.0515625 0.0484375
0 0.5484375 0.85078125 0.040625 0.0390625
0 0.67578125 0.64140625 0.053125 0.0640625
0 0.56171875 0.61875 0.025 0.021875
0 0.36640625 0.39296875 0.0359375 0.0359375
0 0.6171875 0.4796875 0.03125 0.0328125
0 0.42578125 0.52578125 0.0546875 0.0359375
0 0.953125 0.215625 0.075 0.046875
0 0.8203125 0.18125 0.0484375 0.03125
0 0.09296875 0.18359375 0.040625 0.0375
0 0.384375 0.26953125 0.0296875 0.025