0 0.19296875 0.57109375 0.0484375 0.0390625
0 0.2515625 0.52578125 0.0390625 0.0578125
0 0.27421875 0.70703125 0.0515625 0.0625
0 0.32265625 0.79296875 0.0484375 0.065625
0 0.33046875 0.18203125 0.0390625 0.059375
0 0.88046875 0.26171875 0.021875 0.0296875
0 0.54765625 0.42734375 0.1125 0.103125
0 0.01640625 0.55 0.0328125 0.05
0 0.10859375 0.5484375 0.0515625 0.04375
0 0.46640625 0.49609375 0.0390625 0.0390625
0 0.65625 0.215625 0.1328125 0.121875
0 0.07578125 0.875 0.1109375 0.0796875
0 0.47421875 0.86796875 0.0609375 0.0578125
0 0.36796875 0.82890625 0.0484375 0.046875
0 0.2953125 0.59453125 0.065625 0.0734375
0 0.41171875 0.6 0.0296875 0.028125
0 0.65546875 0.42890625 0.04375 0.04375
0 0.39140625 0.45234375 0.0375 0.0390625
0 0.56640625 0.54296875 0.0609375 0.046875
0 0.1296875 0.1140625 0.0828125 0.0625
0 0.26640625 0.11328125 0.053125 0.040625
0 0.971875 0.29140625 0.0484375 0.046875
0 0.66796875 0.30390625 0.034375 0.03125