0 0.09296875 0.66796875 0.078125 0.0953125
0 0.12578125 0.27421875 0.059375 0.065625
0 0.28515625 0.15390625 0.0640625 0.09375
0 0.37265625 0.01171875 0.0421875 0.0234375
0 0.4921875 0.3296875 0.0234375 0.03125
0 0.44296875 0.346875 0.025 0.0171875
0 0.43046875 0.4015625 0.028125 0.0296875
0 0.60546875 0.375 0.028125 0.05625
0 0.975 0.11171875 0.05 0.0859375
0 0.7109375 0.18515625 0.04375 0.034375
0 0.921875 0.51953125 0.084375 0.0515625
0 0.9515625 0.375 0.084375 0.06875
0 0.89140625 0.43046875 0.1125 0.0421875
0 0.615625 0.91640625 0.1 0.059375
0 0.28203125 0.9734375 0.04375 0.028125
0 0.06484375 0.80390625 0.0375 0.0375
0 0.2390625 0.5421875 0.0578125 0.05625
0 0.31875 0.86640625 0.05 0.05625
0 0.35703125 0.7296875 0.0265625 0.0359375
0 0.7671875 0.31875 0.0265625 0.0328125
0 0.728125 0.390625 0.0234375 0.0359375
0 0.2578125 0.35625 0.0265625 0.025
0 0.78203125 0.5515625 0.0453125 0.046875