0 0.89765625 0.3109375 0.07421875 0.09140625
0 0.88515625 0.70625 0.05546875 0.0625
0 0.7328125 0.834375 0.059375 0.09140625
0 0.653125 0.98515625 0.040625 0.0296875
0 0.51640625 0.66953125 0.021875 0.03046875
0 0.56484375 0.65 0.0234375 0.01640625
0 0.57421875 0.59453125 0.0265625 0.02890625
0 0.4015625 0.63046875 0.025 0.05546875
0 0.034375 0.91328125 0.06796875 0.0828125
0 0.30546875 0.82578125 0.04140625 0.0328125
0 0.07734375 0.50234375 0.08203125 0.04765625
0 0.05546875 0.6484375 0.08125 0.06484375
0 0.1125 0.58984375 0.1109375 0.03671875
0 0.3625 0.08984375 0.096875 0.0546875
0 0.69296875 0.015625 0.0421875 0.0265625
0 0.91875 0.1734375 0.0359375 0.0359375
0 0.75859375 0.44453125 0.05546875 0.053125
0 0.66171875 0.125 0.04765625 0.05390625
0 0.63046875 0.26328125 0.025 0.034375
0 0.24296875 0.6953125 0.02421875 0.03203125
0 0.278125 0.62109375 0.021875 0.03515625
0 0.74921875 0.63125 0.025 0.02421875
0 0.215625 0.46328125 0.04296875 0.04453125