0 0.9125 0.34609375 0.08125 0.096875
0 0.865625 0.7390625 0.0609375 0.0671875
0 0.703125 0.853125 0.0671875 0.096875
0 0.609375 0.98984375 0.04375 0.0203125
0 0.5015625 0.6703125 0.025 0.0328125
0 0.5515625 0.65546875 0.025 0.01875
0 0.565625 0.60078125 0.0296875 0.03125
0 0.390625 0.62109375 0.0296875 0.0578125
0 0.01875 0.87109375 0.0375 0.0890625
0 0.278125 0.8078125 0.04375 0.0359375
0 0.07890625 0.465625 0.0859375 0.0546875
0 0.04453125 0.609375 0.0859375 0.071875
0 0.10625 0.55546875 0.1140625 0.046875
0 0.3984375 0.0796875 0.1015625 0.0625
0 0.734375 0.034375 0.04375 0.0296875
0 0.9453125 0.2109375 0.0390625 0.0390625
0 0.7625 0.4671875 0.059375 0.0578125
0 0.69375 0.140625 0.0515625 0.0578125
0 0.65078125 0.27578125 0.028125 0.0359375
0 0.2265625 0.671875 0.0265625 0.034375
0 0.26875 0.6015625 0.025 0.0375
0 0.73671875 0.65234375 0.0265625 0.0265625
0 0.21953125 0.43828125 0.046875 0.0484375