0 0.55859375 0.93984375 0.0546875 0.0546875
0 0.21796875 0.83125 0.0453125 0.059375
0 0.4953125 0.7171875 0.0453125 0.0484375
0 0.696875 0.68046875 0.0421875 0.05
0 0.0796875 0.6921875 0.046875 0.0609375
0 0.54140625 0.59296875 0.03125 0.0359375
0 0.35390625 0.5265625 0.0359375 0.034375
0 0.41328125 0.47734375 0.0390625 0.05625
0 0.084375 0.515625 0.05625 0.046875
0 0.45625 0.43984375 0.0453125 0.0609375
0 0.26171875 0.41015625 0.0640625 0.078125
0 0.71796875 0.3234375 0.0390625 0.0421875
0 0.175 0.28203125 0.0453125 0.0484375