0 0.4890625 0.05625 0.04765625 0.0484375
0 0.16953125 0.2171875 0.0375 0.05390625
0 0.46171875 0.2859375 0.0390625 0.04296875
0 0.66640625 0.290625 0.03515625 0.04453125
0 0.0546875 0.37578125 0.0390625 0.05625
0 0.5265625 0.4015625 0.0265625 0.03203125
0 0.3515625 0.496875 0.03203125 0.0296875
0 0.41796875 0.5359375 0.03046875 0.05234375
0 0.08671875 0.55 0.05 0.0390625
0 0.46640625 0.56640625 0.0375 0.05625
0 0.27890625 0.62578125 0.053125 0.07109375
0 0.74296875 0.640625 0.03359375 0.0375
0 0.21328125 0.76640625 0.0390625 0.04296875