0 0.56484375 0.9390625 0.053125 0.053125
0 0.8625 0.740625 0.04375 0.0578125
0 0.5640625 0.7078125 0.04375 0.046875
0 0.36015625 0.728125 0.040625 0.0484375
0 0.95703125 0.56875 0.0453125 0.0609375
0 0.4859375 0.60078125 0.0296875 0.034375
0 0.64765625 0.48515625 0.0359375 0.0328125
0 0.57734375 0.4546875 0.0359375 0.05625
0 0.90390625 0.4 0.0546875 0.0453125
0 0.525 0.4296875 0.04375 0.0609375
0 0.70390625 0.3484375 0.0609375 0.0765625
0 0.24140625 0.38984375 0.0375 0.040625
0 0.75234375 0.20078125 0.04375 0.046875