0 0.4609375 0.17578125 0.0375 0.03515625
0 0.5828125 0.2421875 0.0671875 0.059375
0 0.49296875 0.3125 0.03046875 0.040625
0 0.7125 0.33125 0.04296875 0.040625
0 0.934375 0.43515625 0.0390625 0.09140625
0 0.521875 0.44609375 0.04296875 0.0578125
0 0.50546875 0.53046875 0.03359375 0.0375
0 0.259375 0.56796875 0.04296875 0.0671875
0 0.40078125 0.621875 0.04765625 0.05234375
0 0.5296875 0.6390625 0.04609375 0.059375
0 0.45234375 0.6828125 0.0546875 0.03515625
0 0.33515625 0.69453125 0.0234375 0.05234375
0 0.2546875 0.6953125 0.03046875 0.05
0 0.37734375 0.70078125 0.0375 0.03515625