0 0.4 0.1890625 0.04375 0.0421875
0 0.53203125 0.23125 0.0765625 0.071875
0 0.45703125 0.3171875 0.0375 0.0453125
0 0.6765625 0.29375 0.05 0.0484375
0 0.9140625 0.353125 0.05625 0.096875
0 0.5109375 0.44296875 0.053125 0.065625
0 0.5109375 0.52890625 0.040625 0.04375
0 0.2765625 0.6125 0.0546875 0.0734375
0 0.42578125 0.63828125 0.05625 0.0609375
0 0.55546875 0.63046875 0.05625 0.0671875
0 0.48828125 0.68828125 0.0609375 0.0453125
0 0.375 0.72265625 0.0328125 0.05625
0 0.29609375 0.73828125 0.0390625 0.0546875
0 0.41796875 0.7203125 0.04375 0.0421875