0 0.621875 0.196875 0.0453125 0.04375
0 0.48671875 0.2296875 0.0796875 0.075
0 0.55546875 0.32109375 0.040625 0.046875
0 0.33828125 0.28203125 0.0515625 0.05
0 0.096875 0.325 0.0609375 0.0984375
0 0.49296875 0.4421875 0.05625 0.0671875
0 0.48671875 0.528125 0.0421875 0.0453125
0 0.71484375 0.628125 0.059375 0.0765625
0 0.5640625 0.64375 0.059375 0.0625
0 0.43515625 0.6265625 0.059375 0.06875
0 0.4984375 0.6890625 0.0625 0.0484375
0 0.60859375 0.73046875 0.0359375 0.05625
0 0.68671875 0.75234375 0.0421875 0.05625
0 0.56640625 0.72578125 0.0453125 0.04375