0 0.3234375 0.015625 0.065625 0.03125
0 0.9546875 0.096875 0.065625 0.05625
0 0.33515625 0.3296875 0.04765625 0.0484375
0 0.72578125 0.41640625 0.06953125 0.0796875
0 0.44296875 0.4171875 0.07265625 0.07421875
0 0.4859375 0.53359375 0.040625 0.03515625
0 0.378125 0.58671875 0.04609375 0.040625
0 0.7671875 0.625 0.03515625 0.0578125
0 0.28828125 0.68046875 0.03046875 0.0390625
0 0.36640625 0.703125 0.0265625 0.0390625
0 0.04609375 0.7265625 0.0921875 0.059375
0 0.421875 0.78984375 0.0546875 0.05625