1 0.4703125 0.51328125 0.08515625 0.053125
1 0.82734375 0.52578125 0.07734375 0.04375
1 0.64609375 0.69140625 0.06640625 0.04765625
1 0.1984375 0.70078125 0.0703125 0.05625
0 0.28671875 0.884375 0.13671875 0.07734375
0 0.6578125 0.79609375 0.08125 0.12421875
0 0.696875 0.434375 0.1234375 0.19765625
3 0.49765625 0.41953125 0.028125 0.02109375
3 0.23984375 0.6609375 0.0203125 0.01796875
3 0.56015625 0.62421875 0.02890625 0.01953125
3 0.46875 0.90078125 0.0234375 0.025
1 0.96015625 0.5390625 0.0609375 0.02734375