0 0.25078125 0.6828125 0.05234375 0.05859375
0 0.40859375 0.7515625 0.03984375 0.04453125
0 0.659375 0.28671875 0.07109375 0.084375
0 0.1546875 0.43046875 0.03125 0.03828125
0 0.1328125 0.21953125 0.04375 0.05
0 0.90703125 0.71328125 0.0421875 0.06015625
0 0.59921875 0.57265625 0.05234375 0.03203125
0 0.53125 0.43515625 0.04765625 0.04453125
0 0.45234375 0.8078125 0.02734375 0.0390625
0 0.153125 0.27734375 0.03046875 0.05
0 0.78359375 0.053125 0.0390625 0.0390625
0 0.68828125 0.5421875 0.021875 0.0296875