0 0.44296875 0.4734375 0.0546875 0.04765625
0 0.36015625 0.140625 0.05390625 0.0671875
0 0.890625 0.30703125 0.04375 0.0328125
0 0.925 0.4890625 0.0484375 0.04296875
0 0.7765625 0.4234375 0.04453125 0.0265625
0 0.58046875 0.98515625 0.028125 0.0296875
0 0.43515625 0.98828125 0.0484375 0.02265625
0 0.57109375 0.7 0.0359375 0.07109375
0 0.2 0.51015625 0.02734375 0.03828125
0 0.1765625 0.29375 0.0359375 0.03671875
0 0.2296875 0.28203125 0.03515625 0.0359375
0 0.196875 0.24296875 0.0265625 0.03828125
0 0.24296875 0.7078125 0.0421875 0.06953125
0 0.2125 0.6359375 0.0265625 0.04140625
0 0.63671875 0.28515625 0.02578125 0.04765625