0 0.56171875 0.48828125 0.0640625 0.059375
0 0.72265625 0.18515625 0.06875 0.078125
0 0.16796875 0.21796875 0.05 0.0421875
0 0.090625 0.38671875 0.0578125 0.053125
0 0.25 0.35859375 0.05 0.0359375
0 0.3046875 0.9515625 0.034375 0.0359375
0 0.44375 0.9859375 0.053125 0.028125
0 0.3828125 0.6765625 0.0515625 0.078125
0 0.78828125 0.5828125 0.0359375 0.04375
0 0.8640625 0.378125 0.04375 0.04375
0 0.81484375 0.35390625 0.0421875 0.04375
0 0.85625 0.32421875 0.034375 0.04375
0 0.69921875 0.7640625 0.0578125 0.078125
0 0.74609375 0.7015625 0.0359375 0.046875
0 0.41953125 0.25859375 0.0359375 0.053125