0 0.55234375 0.46484375 0.0609375 0.05625
0 0.58203125 0.1234375 0.0640625 0.075
0 0.084375 0.3703125 0.0484375 0.0390625
0 0.07890625 0.55546875 0.0546875 0.05
0 0.21484375 0.46796875 0.0484375 0.0328125
0 0.49609375 0.98671875 0.0328125 0.0265625
0 0.640625 0.971875 0.0515625 0.0296875
0 0.4609375 0.70859375 0.046875 0.0765625
0 0.79765625 0.46328125 0.0328125 0.0421875
0 0.7875 0.2453125 0.040625 0.0421875
0 0.7328125 0.2421875 0.040625 0.040625
0 0.759375 0.1984375 0.0328125 0.0421875
0 0.78671875 0.66484375 0.053125 0.075
0 0.80546875 0.5890625 0.0328125 0.0453125
0 0.33125 0.309375 0.0328125 0.0515625