0 0.4 0.103125 0.0484375 0.05
0 0.490625 0.16171875 0.109375 0.128125
0 0.69140625 0.1375 0.046875 0.0375
0 0.34453125 0.28828125 0.0453125 0.0421875
0 0.8265625 0.2 0.040625 0.046875
0 0.75546875 0.28671875 0.0546875 0.0578125
0 0.321875 0.39375 0.0484375 0.0546875
0 0.74375 0.365625 0.0421875 0.0578125
0 0.109375 0.565625 0.0578125 0.053125
0 0.22734375 0.5921875 0.0515625 0.06875
0 0.49296875 0.546875 0.0515625 0.053125
0 0.82421875 0.515625 0.06875 0.0640625
0 0.25625 0.665625 0.0375 0.0546875
0 0.62421875 0.62421875 0.034375 0.046875
0 0.521875 0.6578125 0.0578125 0.0703125
0 0.68984375 0.69140625 0.05 0.0515625
0 0.41875 0.76640625 0.0796875 0.090625
0 0.84296875 0.8578125 0.0796875 0.0703125
0 0.490625 0.96640625 0.05 0.0515625
0 0.5796875 0.96484375 0.0640625 0.0640625
0 0.515625 0.99296875 0.040625 0.0140625