0 0.59296875 0.8984375 0.046875 0.05
0 0.503125 0.8390625 0.1078125 0.1265625
0 0.30234375 0.859375 0.0453125 0.0375
0 0.6515625 0.71484375 0.0453125 0.040625
0 0.16796875 0.79453125 0.0390625 0.046875
0 0.240625 0.70859375 0.053125 0.05625
0 0.6765625 0.609375 0.0484375 0.0546875
0 0.25390625 0.6296875 0.040625 0.0578125
0 0.89140625 0.44140625 0.0578125 0.053125
0 0.77421875 0.4125 0.0515625 0.06875
0 0.5078125 0.45390625 0.0515625 0.053125
0 0.17578125 0.47890625 0.06875 0.0640625
0 0.746875 0.3390625 0.0359375 0.0546875
0 0.378125 0.3734375 0.0328125 0.046875
0 0.48046875 0.3421875 0.05625 0.0703125
0 0.31328125 0.30546875 0.0484375 0.05
0 0.5859375 0.23515625 0.078125 0.0890625
0 0.16328125 0.1359375 0.0796875 0.06875
0 0.5171875 0.03359375 0.0484375 0.05
0 0.42890625 0.03359375 0.0625 0.0640625
0 0.4921875 0.00625 0.040625 0.0125