0 0.5078125 0.090625 0.0390625 0.04296875
0 0.4328125 0.16796875 0.08671875 0.11171875
0 0.23203125 0.18984375 0.040625 0.0296875
0 0.60390625 0.25859375 0.0390625 0.03359375
0 0.1140625 0.28125 0.03203125 0.040625
0 0.203125 0.35 0.04453125 0.0484375
0 0.65 0.35625 0.0390625 0.046875
0 0.23203125 0.42421875 0.03046875 0.05234375
0 0.8953125 0.47578125 0.05 0.04296875
0 0.78671875 0.528125 0.0390625 0.06171875
0 0.5171875 0.54375 0.04296875 0.04453125
0 0.1875 0.58828125 0.05859375 0.05234375
0 0.775 0.60625 0.0265625 0.05
0 0.40703125 0.64921875 0.025 0.04296875
0 0.5140625 0.65859375 0.04453125 0.06171875
0 0.3578125 0.72890625 0.040625 0.04296875
0 0.6390625 0.74140625 0.0640625 0.078125
0 0.24609375 0.92578125 0.06953125 0.05625
0 0.6140625 0.95234375 0.040625 0.04296875
0 0.52734375 0.97109375 0.053125 0.05390625
0 0.59609375 0.98984375 0.0375 0.01640625