0 0.73515625 0.02265625 0.05 0.04453125
0 0.271875 0.15625 0.0390625 0.0375
0 0.61796875 0.3234375 0.03203125 0.06875
0 0.353125 0.3703125 0.0671875 0.078125
0 0.65078125 0.45 0.0515625 0.06171875
0 0.9453125 0.4890625 0.06015625 0.0765625
0 0.63359375 0.51953125 0.0265625 0.04453125
0 0.32734375 0.63125 0.090625 0.11171875
0 0.2078125 0.6515625 0.04609375 0.0484375
0 0.59609375 0.66640625 0.05859375 0.0890625
0 0.68203125 0.959375 0.06015625 0.0484375
0 0.41640625 0.98828125 0.06953125 0.0203125