0 0.12890625 0.91328125 0.0359375 0.0265625
0 0.75 0.94609375 0.059375 0.04375
0 0.6953125 0.8390625 0.0875 0.1
0 0.6671875 0.7453125 0.0515625 0.0578125
0 0.79609375 0.74453125 0.090625 0.08125
0 0.44609375 0.49140625 0.0765625 0.0765625
0 0.10234375 0.396875 0.103125 0.10625
0 0.5578125 0.47421875 0.0640625 0.06875
0 0.61640625 0.4734375 0.0640625 0.059375
0 0.3609375 0.35703125 0.0671875 0.078125
0 0.615625 0.41484375 0.04375 0.0484375
0 0.55859375 0.35 0.0640625 0.0640625
0 0.275 0.1234375 0.0828125 0.09375
0 0.8875 0.1015625 0.0953125 0.05625
0 0.56796875 0.01484375 0.0609375 0.0296875