0 0.88203125 0.159375 0.05625 0.0359375
0 0.7953125 0.24296875 0.0765625 0.0921875
0 0.73828125 0.32265625 0.0453125 0.053125
0 0.859375 0.36484375 0.08125 0.071875
0 0.44609375 0.490625 0.0671875 0.06875
0 0.090625 0.46796875 0.0921875 0.0953125
0 0.54609375 0.54296875 0.05625 0.0625
0 0.60078125 0.56328125 0.0578125 0.0515625
0 0.321875 0.590625 0.059375 0.071875
0 0.58125 0.61875 0.0390625 0.04375
0 0.50625 0.66015625 0.0578125 0.05625
0 0.16484375 0.7828125 0.071875 0.084375
0 0.73671875 0.990625 0.0921875 0.01875
0 0.40703125 0.98203125 0.0578125 0.025