0 0.76015625 0.009375 0.03203125 0.01875
0 0.14921875 0.12734375 0.053125 0.03203125
0 0.228125 0.21796875 0.06953125 0.0859375
0 0.278125 0.30234375 0.040625 0.05
0 0.15390625 0.334375 0.0765625 0.06484375
0 0.5546875 0.4953125 0.0625 0.06328125
0 0.9109375 0.50390625 0.08515625 0.0875
0 0.45 0.5390625 0.0515625 0.0578125
0 0.39375 0.55390625 0.0546875 0.046875
0 0.66953125 0.60546875 0.053125 0.0671875
0 0.40859375 0.6109375 0.03515625 0.040625
0 0.4796875 0.659375 0.053125 0.05234375
0 0.809375 0.8109375 0.065625 0.0796875
0 0.2203125 0.98046875 0.0890625 0.03515625
0 0.55078125 0.98828125 0.05703125 0.0203125