3 0.5046875 0.421875 0.0296875 0.01953125
3 0.24296875 0.65625 0.0390625 0.0203125
3 0.56640625 0.621875 0.0296875 0.02578125
3 0.4703125 0.9 0.03125 0.02109375
0 0.6578125 0.79609375 0.08046875 0.128125
0 0.2875 0.88125 0.1296875 0.05078125
2 0.51171875 0.7140625 0.0578125 0.0515625
2 0.31484375 0.44140625 0.07734375 0.053125
2 0.9625 0.53984375 0.0515625 0.0484375
1 0.19140625 0.70078125 0.0671875 0.0703125
1 0.64765625 0.6921875 0.06015625 0.04375
1 0.82421875 0.528125 0.0640625 0.05
1 0.471875 0.515625 0.06484375 0.0546875
0 0.69375 0.43828125 0.0953125 0.196875
2 0.81796875 0.93671875 0.06640625 0.04375