0 0.70078125 0.02890625 0.090625 0.0578125
0 0.57734375 0.146875 0.03515625 0.04453125
0 0.2734375 0.21875 0.03515625 0.05
0 0.64140625 0.234375 0.0671875 0.096875
0 0.50390625 0.31875 0.03046875 0.040625
0 0.58046875 0.36796875 0.04296875 0.0390625
0 0.41328125 0.421875 0.0375 0.046875
0 0.778125 0.49609375 0.04609375 0.046875
0 0.2234375 0.559375 0.06015625 0.06171875
0 0.765625 0.57265625 0.05 0.05
0 0.37421875 0.6375 0.05859375 0.0578125
0 0.74296875 0.83359375 0.09375 0.10234375
0 0.5921875 0.98359375 0.04765625 0.0296875