0 0.7796875 0.07109375 0.1 0.0734375
0 0.6375 0.165625 0.0421875 0.05
0 0.32578125 0.18359375 0.04375 0.0546875
0 0.68515625 0.26328125 0.0828125 0.1078125
0 0.53515625 0.321875 0.0375 0.0453125
0 0.60234375 0.38359375 0.0484375 0.0453125
0 0.428125 0.4078125 0.0453125 0.053125
0 0.77421875 0.54453125 0.053125 0.0546875
0 0.2171875 0.51015625 0.0703125 0.071875
0 0.74921875 0.61796875 0.0578125 0.0578125
0 0.35234375 0.61328125 0.0671875 0.0671875
0 0.68125 0.87109375 0.109375 0.1171875
0 0.50703125 0.98671875 0.0515625 0.0265625