0 0.815625 0.096875 0.103125 0.0796875
0 0.66640625 0.17890625 0.0453125 0.0515625
0 0.35390625 0.16953125 0.046875 0.0578125
0 0.70546875 0.2796875 0.090625 0.1109375
0 0.55078125 0.32578125 0.040625 0.046875
0 0.61171875 0.39296875 0.0515625 0.0484375
0 0.43671875 0.40234375 0.0484375 0.0546875
0 0.76953125 0.56796875 0.05625 0.0578125
0 0.2171875 0.4859375 0.0734375 0.075
0 0.7375 0.6390625 0.0609375 0.0609375
0 0.34296875 0.6 0.071875 0.0703125
0 0.6484375 0.88515625 0.1171875 0.1234375
0 0.4640625 0.98515625 0.053125 0.0296875