0 0.028125 0.090625 0.04375 0.0359375
0 0.68125 0.02421875 0.065625 0.0484375
0 0.33828125 0.15703125 0.05 0.0734375
0 0.546875 0.1421875 0.0546875 0.05
0 0.471875 0.21953125 0.0484375 0.05625
0 0.4046875 0.24921875 0.046875 0.04375
0 0.346875 0.28046875 0.0390625 0.0453125
0 0.415625 0.3078125 0.0484375 0.0515625
0 0.0359375 0.4078125 0.0671875 0.0703125
0 0.16015625 0.4140625 0.0609375 0.0703125
0 0.7984375 0.334375 0.0828125 0.06875
0 0.56796875 0.440625 0.0515625 0.0390625
0 0.12578125 0.6734375 0.0734375 0.0671875
0 0.54296875 0.6609375 0.0328125 0.04375
0 0.928125 0.66015625 0.0359375 0.0484375
0 0.371875 0.81171875 0.0625 0.04375
0 0.590625 0.84453125 0.0578125 0.0546875