0 0.0421875 0.07421875 0.0421875 0.034375
0 0.69921875 0.02734375 0.0640625 0.0546875
0 0.35 0.1515625 0.0484375 0.071875
0 0.559375 0.14375 0.053125 0.0484375
0 0.48203125 0.21875 0.046875 0.0546875
0 0.4140625 0.24609375 0.0453125 0.0421875
0 0.3546875 0.275 0.0375 0.0453125
0 0.421875 0.3046875 0.046875 0.05
0 0.0390625 0.3921875 0.065625 0.06875
0 0.16328125 0.40234375 0.059375 0.06875
0 0.80390625 0.3453125 0.08125 0.065625
0 0.5703125 0.44296875 0.05 0.0375
0 0.1203125 0.66015625 0.071875 0.0640625
0 0.53671875 0.66171875 0.03125 0.0421875
0 0.921875 0.675 0.034375 0.0484375
0 0.3609375 0.80703125 0.0609375 0.040625
0 0.57890625 0.84765625 0.05625 0.053125