0 0.10625 0.01484375 0.0390625 0.0296875
0 0.76484375 0.0484375 0.0546875 0.07109375
0 0.4 0.134375 0.0390625 0.0671875
0 0.60859375 0.15546875 0.04765625 0.04296875
0 0.52109375 0.21875 0.040625 0.05
0 0.45 0.23671875 0.040625 0.0375
0 0.3875 0.25703125 0.03203125 0.040625
0 0.45 0.29609375 0.040625 0.04453125
0 0.05859375 0.32890625 0.05703125 0.06171875
0 0.18046875 0.35625 0.0515625 0.06171875
0 0.82265625 0.3890625 0.07421875 0.05625
0 0.57734375 0.453125 0.04609375 0.03203125
0 0.1015625 0.60546875 0.0640625 0.05625
0 0.5140625 0.665625 0.0265625 0.0390625
0 0.89375 0.73203125 0.028125 0.04453125
0 0.31953125 0.784375 0.05703125 0.03359375
0 0.5296875 0.85546875 0.05 0.046875