0 0.41328125 0.06875 0.07265625 0.04453125
0 0.59765625 0.08828125 0.03359375 0.06875
0 0.01875 0.22421875 0.0375 0.03515625
0 0.48671875 0.2359375 0.03515625 0.046875
0 0.68046875 0.265625 0.08203125 0.0765625
0 0.9390625 0.41796875 0.06953125 0.0390625
0 0.23203125 0.4703125 0.03046875 0.05
0 0.553125 0.47421875 0.0234375 0.0203125
0 0.19296875 0.48125 0.04765625 0.06171875
0 0.53359375 0.51796875 0.0234375 0.03359375
0 0.13828125 0.62421875 0.0390625 0.0375
0 0.2203125 0.6265625 0.03203125 0.04296875
0 0.49375 0.64453125 0.028125 0.040625
0 0.4234375 0.709375 0.03359375 0.040625
0 0.32734375 0.78046875 0.04453125 0.04453125