0 0.31875 0.09921875 0.08125 0.059375
0 0.50234375 0.0765625 0.0484375 0.075
0 0.42734375 0.2453125 0.0453125 0.053125
0 0.6234375 0.23125 0.096875 0.09375
0 0.909375 0.32109375 0.0765625 0.053125
0 0.23203125 0.53125 0.040625 0.05625
0 0.54609375 0.46328125 0.028125 0.025
0 0.196875 0.55078125 0.0609375 0.0703125
0 0.53671875 0.51015625 0.0296875 0.0375
0 0.17578125 0.70234375 0.046875 0.0453125
0 0.25625 0.6859375 0.040625 0.0484375
0 0.5265625 0.6421875 0.0359375 0.0453125
0 0.47265625 0.72109375 0.0421875 0.046875
0 0.39453125 0.8125 0.053125 0.053125