0 0.45859375 0.93828125 0.0765625 0.0515625
0 0.63984375 0.89921875 0.040625 0.071875
0 0.05 0.82421875 0.040625 0.0390625
0 0.5140625 0.7640625 0.040625 0.05
0 0.70390625 0.7140625 0.0890625 0.084375
0 0.9453125 0.5359375 0.0734375 0.046875
0 0.23671875 0.5578125 0.0359375 0.053125
0 0.55546875 0.5203125 0.025 0.021875
0 0.196875 0.55078125 0.053125 0.065625
0 0.53125 0.47890625 0.0265625 0.0359375
0 0.12734375 0.4140625 0.0421875 0.040625
0 0.20859375 0.403125 0.0359375 0.0453125
0 0.47890625 0.35703125 0.0328125 0.04375
0 0.40234375 0.3 0.0375 0.04375
0 0.29921875 0.2390625 0.0484375 0.0484375