0 0.278125 0.65703125 0.040625 0.0515625
0 0.38671875 0.6171875 0.0546875 0.0484375
0 0.684375 0.75625 0.0359375 0.0296875
0 0.6796875 0.7140625 0.0234375 0.0265625
0 0.72421875 0.67734375 0.021875 0.021875
0 0.78125 0.6125 0.0546875 0.06875
0 0.796875 0.53984375 0.03125 0.0421875
0 0.6859375 0.403125 0.0375 0.04375
0 0.7515625 0.3609375 0.0328125 0.0515625
0 0.746875 0.07265625 0.040625 0.040625
0 0.128125 0.29375 0.03125 0.04375
0 0.13671875 0.228125 0.0328125 0.0484375
0 0.3203125 0.30546875 0.028125 0.0421875
0 0.37265625 0.29609375 0.0328125 0.0484375
0 0.18828125 0.53984375 0.04375 0.053125
0 0.22109375 0.57421875 0.025 0.0296875
0 0.18515625 0.73984375 0.025 0.021875
0 0.0890625 0.62421875 0.01875 0.025
0 0.4515625 0.83984375 0.084375 0.0578125