0 0.25234375 0.38828125 0.03203125 0.046875
0 0.36640625 0.40625 0.04765625 0.040625
0 0.63203125 0.21328125 0.03203125 0.02421875
0 0.63515625 0.25546875 0.01953125 0.02265625
0 0.6859375 0.2828125 0.01796875 0.01875
0 0.7546875 0.3359375 0.04296875 0.06171875
0 0.78359375 0.40390625 0.025 0.0375
0 0.70078125 0.559375 0.03046875 0.0390625
0 0.7734375 0.58828125 0.0234375 0.0484375
0 0.82421875 0.87265625 0.03515625 0.03515625
0 0.17421875 0.7734375 0.025 0.0390625
0 0.1953125 0.8359375 0.025 0.04453125
0 0.3609375 0.725 0.02109375 0.0390625
0 0.4140625 0.72421875 0.025 0.04453125
0 0.18671875 0.5203125 0.03515625 0.046875
0 0.21171875 0.48046875 0.02109375 0.02578125
0 0.1453125 0.32421875 0.02109375 0.01875
0 0.07265625 0.45625 0.0140625 0.02265625
0 0.26875 0.0078125 0.03359375 0.01484375
0 0.3875 0.17578125 0.078125 0.04296875