0 0.27578125 0.653125 0.0390625 0.0515625
0 0.384375 0.615625 0.0546875 0.0484375
0 0.6796875 0.759375 0.0359375 0.0296875
0 0.67578125 0.7171875 0.0234375 0.025
0 0.72109375 0.68125 0.0203125 0.021875
0 0.7796875 0.6171875 0.053125 0.06875
0 0.79609375 0.5453125 0.03125 0.040625
0 0.6875 0.40703125 0.0375 0.04375
0 0.75390625 0.365625 0.03125 0.0515625
0 0.7546875 0.0765625 0.040625 0.040625
0 0.13203125 0.2875 0.03125 0.0421875
0 0.14140625 0.221875 0.0328125 0.0484375
0 0.32421875 0.30234375 0.028125 0.0421875
0 0.3765625 0.29375 0.0328125 0.0484375
0 0.18828125 0.534375 0.0421875 0.0515625
0 0.21953125 0.56953125 0.025 0.0296875
0 0.18125 0.734375 0.0234375 0.021875
0 0.08671875 0.6171875 0.0171875 0.025
0 0.4453125 0.8390625 0.084375 0.05625