0 0.2484375 0.14453125 0.08125 0.075
0 0.7671875 0.4375 0.0921875 0.1015625
0 0.88203125 0.5453125 0.0546875 0.06875
0 0.425 0.7828125 0.065625 0.040625
0 0.3734375 0.71875 0.0265625 0.0234375
0 0.32265625 0.70390625 0.0421875 0.0390625
0 0.24765625 0.63359375 0.090625 0.103125
0 0.61328125 0.86796875 0.0359375 0.0296875
0 0.53828125 0.84609375 0.0546875 0.0625
0 0.4703125 0.834375 0.0609375 0.0625
0 0.80390625 0.9484375 0.0546875 0.0625
0 0.73984375 0.61796875 0.065625 0.05625
0 0.47265625 0.56796875 0.0453125 0.0515625
0 0.2828125 0.50859375 0.0546875 0.075
0 0.4703125 0.32734375 0.040625 0.0578125
0 0.59921875 0.26015625 0.0359375 0.06875
0 0.67578125 0.42265625 0.040625 0.053125
0 0.6390625 0.62890625 0.0453125 0.0328125
0 0.72578125 0.79765625 0.028125 0.0390625
0 0.33828125 0.5984375 0.034375 0.0375
0 0.540625 0.9296875 0.05 0.0296875
0 0.59375 0.68828125 0.0328125 0.0265625
0 0.63203125 0.36484375 0.0328125 0.040625
0 0.76015625 0.35078125 0.0421875 0.0375
0 0.7140625 0.3359375 0.0390625 0.04375
0 0.02578125 0.57734375 0.0421875 0.0859375
0 0.96640625 0.5390625 0.0328125 0.0546875
0 0.5515625 0.27734375 0.021875 0.028125
0 0.55859375 0.4203125 0.015625 0.015625
0 0.478125 0.403125 0.028125 0.0265625