0 0.77578125 0.83671875 0.078125 0.071875
0 0.2375 0.58046875 0.0875 0.096875
0 0.115625 0.48125 0.05 0.065625
0 0.55546875 0.2125 0.0640625 0.0375
0 0.6109375 0.27265625 0.025 0.021875
0 0.6625 0.284375 0.040625 0.0359375
0 0.7421875 0.34921875 0.084375 0.0984375
0 0.3609375 0.140625 0.034375 0.028125
0 0.4375 0.15703125 0.05 0.059375
0 0.50625 0.1640625 0.0578125 0.059375
0 0.165625 0.0734375 0.0515625 0.059375
0 0.253125 0.39921875 0.0625 0.053125
0 0.52265625 0.4296875 0.0421875 0.0484375
0 0.71640625 0.4765625 0.05 0.0734375
0 0.5421875 0.6703125 0.0375 0.05625
0 0.41796875 0.74609375 0.03125 0.0671875
0 0.33046875 0.58984375 0.0375 0.0515625
0 0.35234375 0.38046875 0.04375 0.03125
0 0.25390625 0.21875 0.025 0.0375
0 0.6546875 0.390625 0.0328125 0.0359375
0 0.4296875 0.07421875 0.0484375 0.028125
0 0.39296875 0.31875 0.03125 0.0234375
0 0.378125 0.64453125 0.0296875 0.0390625
0 0.25078125 0.6671875 0.0390625 0.034375
0 0.2984375 0.678125 0.0359375 0.0421875
0 0.96796875 0.38984375 0.0359375 0.0859375
0 0.03203125 0.49375 0.0296875 0.053125
0 0.4640625 0.72578125 0.0203125 0.0265625
0 0.446875 0.58359375 0.015625 0.015625
0 0.52890625 0.59453125 0.0265625 0.025