0 0.809375 0.19375 0.07109375 0.0640625
0 0.24765625 0.3921875 0.078125 0.08984375
0 0.115625 0.478125 0.04453125 0.06171875
0 0.525 0.79140625 0.0609375 0.03125
0 0.58671875 0.7375 0.0234375 0.01953125
0 0.6390625 0.73125 0.03671875 0.0328125
0 0.725 0.675 0.07578125 0.09140625
0 0.32421875 0.84296875 0.03203125 0.02421875
0 0.40234375 0.834375 0.0453125 0.0546875
0 0.47109375 0.834375 0.05234375 0.0546875
0 0.12265625 0.8890625 0.04609375 0.05546875
0 0.24375 0.57421875 0.0578125 0.04765625
0 0.51484375 0.571875 0.0375 0.0453125
0 0.7125 0.54609375 0.04296875 0.06875
0 0.559375 0.33515625 0.03203125 0.053125
0 0.44375 0.246875 0.025 0.065625
0 0.340625 0.39296875 0.0328125 0.04765625
0 0.340625 0.603125 0.04140625 0.0265625
0 0.22578125 0.75390625 0.021875 0.0359375
0 0.6421875 0.625 0.02890625 0.0328125
0 0.38515625 0.91640625 0.046875 0.02265625
0 0.375 0.66875 0.02890625 0.02109375
0 0.39375 0.34375 0.0265625 0.03671875
0 0.26953125 0.3078125 0.03671875 0.03125
0 0.31796875 0.3015625 0.03203125 0.0390625
0 0.95390625 0.65859375 0.028125 0.0828125
0 0.03359375 0.45703125 0.025 0.05078125
0 0.4875 0.271875 0.0171875 0.025
0 0.45625 0.41171875 0.0140625 0.0140625
0 0.53828125 0.40859375 0.025 0.02265625