0 0.35859375 0.58671875 0.12421875 0.10859375
0 0.70390625 0.43515625 0.1328125 0.1984375
0 0.653125 0.79140625 0.071875 0.12890625
0 0.28359375 0.8796875 0.13046875 0.065625
1 0.1921875 0.70078125 0.07578125 0.075
1 0.48046875 0.51015625 0.09296875 0.04765625
1 0.6484375 0.6890625 0.06953125 0.05703125
1 0.82890625 0.525 0.075 0.04921875
2 0.953125 0.54140625 0.0796875 0.05
3 0.5625 0.6234375 0.02734375 0.02734375
3 0.50390625 0.421875 0.034375 0.02265625
3 0.4703125 0.903125 0.034375 0.01953125
3 0.240625 0.65703125 0.040625 0.0203125