1 0.47265625 0.5109375 0.07734375 0.04375
1 0.65625 0.690625 0.059375 0.0390625
1 0.834375 0.52265625 0.059375 0.0453125
1 0.196875 0.6984375 0.06640625 0.04296875
3 0.2390625 0.659375 0.01796875 0.0203125
3 0.56328125 0.62578125 0.021875 0.015625
3 0.50078125 0.4203125 0.02578125 0.01953125
2 0.321875 0.43828125 0.0890625 0.0328125
2 0.51640625 0.7171875 0.0328125 0.040625
2 0.81484375 0.93984375 0.06640625 0.0390625
0 0.65703125 0.7953125 0.08359375 0.1375
0 0.28671875 0.88125 0.12734375 0.0546875
0 0.359375 0.58671875 0.0890625 0.0984375
0 0.69375 0.43671875 0.10234375 0.18671875
2 0.95625 0.53671875 0.0578125 0.02890625
3 0.4703125 0.903125 0.025 0.02109375