1 0.1921875 0.6984375 0.0609375 0.0515625
1 0.65234375 0.6921875 0.06484375 0.05
1 0.728125 0.86796875 0.08359375 0.05625
0 0.2796875 0.884375 0.1390625 0.04765625
0 0.35390625 0.584375 0.11171875 0.09921875
0 0.69296875 0.42890625 0.1078125 0.19765625
0 0.83046875 0.66796875 0.04921875 0.11484375
3 0.875 0.6515625 0.0265625 0.01875
3 0.5625 0.62265625 0.0234375 0.02265625
3 0.46875 0.90234375 0.0234375 0.02421875
3 0.24140625 0.659375 0.021875 0.01875
3 0.5 0.421875 0.02578125 0.021875
1 0.4765625 0.5140625 0.0796875 0.05078125
1 0.82578125 0.528125 0.06953125 0.05546875
2 0.9515625 0.5453125 0.06171875 0.05078125
0 0.65703125 0.7953125 0.08046875 0.13125