0 0.353125 0.590625 0.10546875 0.0890625
0 0.69296875 0.4421875 0.09921875 0.178125
0 0.83203125 0.66953125 0.0390625 0.11875
0 0.65625 0.7953125 0.06640625 0.12265625
0 0.28125 0.88125 0.1234375 0.04453125
2 0.8109375 0.93125 0.05078125 0.046875
2 0.51484375 0.715625 0.05625 0.0421875
2 0.95234375 0.54453125 0.0671875 0.03203125
1 0.64296875 0.68828125 0.07265625 0.05
1 0.4703125 0.51640625 0.06328125 0.0421875
1 0.83046875 0.53125 0.04609375 0.0484375
3 0.559375 0.62265625 0.0265625 0.01875
3 0.240625 0.65859375 0.02109375 0.015625
3 0.49921875 0.41953125 0.02578125 0.01640625