1 0.46796875 0.51328125 0.0609375 0.03671875
1 0.82734375 0.52890625 0.05625 0.04453125
1 0.653125 0.696875 0.04765625 0.04453125
1 0.72890625 0.8703125 0.05859375 0.0421875
1 0.184375 0.696875 0.05390625 0.04296875
0 0.35234375 0.58828125 0.09765625 0.0953125
0 0.28984375 0.8828125 0.12421875 0.0453125
0 0.6578125 0.79296875 0.0734375 0.1234375
0 0.83046875 0.6671875 0.03046875 0.10234375
0 0.6984375 0.43984375 0.10390625 0.19453125
3 0.49921875 0.41796875 0.01796875 0.0171875
3 0.2421875 0.66015625 0.02109375 0.01640625
3 0.55859375 0.62421875 0.028125 0.01953125
3 0.46328125 0.89765625 0.01796875 0.0171875
2 0.515625 0.71875 0.0578125 0.03828125
2 0.8078125 0.93359375 0.0625 0.04296875
3 0.8765625 0.653125 0.02109375 0.01953125
2 0.95390625 0.54453125 0.053125 0.0421875