0 0.61875 0.57890625 0.06875 0.065625
0 0.634375 0.5046875 0.0296875 0.03125
0 0.4875 0.63203125 0.053125 0.06875
0 0.7578125 0.81953125 0.0609375 0.046875
0 0.57890625 0.84140625 0.05 0.0796875
0 0.33125 0.70625 0.0515625 0.0390625
0 0.440625 0.659375 0.0296875 0.034375
0 0.196875 0.64296875 0.059375 0.0515625
0 0.30078125 0.63984375 0.01875 0.01875
0 0.1703125 0.76640625 0.025 0.0421875
0 0.175 0.73125 0.0234375 0.0203125
0 0.16015625 0.2171875 0.05 0.0625
0 0.2078125 0.209375 0.025 0.025
0 0.321875 0.16015625 0.0515625 0.0359375
0 0.43515625 0.18828125 0.0265625 0.0328125
0 0.3109375 0.51328125 0.01875 0.0171875
0 0.40703125 0.48203125 0.0140625 0.0171875
0 0.378125 0.5265625 0.0234375 0.025
0 0.5125 0.53828125 0.0171875 0.0203125
0 0.821875 0.6921875 0.0484375 0.0640625
0 0.5828125 0.31171875 0.0296875 0.034375
0 0.27265625 0.43046875 0.0375 0.0359375
0 0.215625 0.59453125 0.0265625 0.0265625
0 0.184375 0.421875 0.028125 0.0359375
0 0.1390625 0.3828125 0.0234375 0.0265625
0 0.0671875 0.28046875 0.0453125 0.0359375
0 0.84609375 0.35390625 0.0375 0.0421875
0 0.82421875 0.2171875 0.0171875 0.021875
0 0.85390625 0.24375 0.015625 0.01875
0 0.75703125 0.18046875 0.0265625 0.03125
0 0.43671875 0.82109375 0.0328125 0.0359375
0 0.303125 0.8703125 0.0359375 0.03125
0 0.00625 0.40078125 0.0125 0.0515625
0 0.059375 0.3984375 0.021875 0.0234375