0 0.6 0.3984375 0.0578125 0.05546875
0 0.63046875 0.4671875 0.02421875 0.02734375
0 0.46015625 0.3734375 0.04140625 0.0609375
0 0.6859375 0.13359375 0.0546875 0.0359375
0 0.50625 0.15 0.03515625 0.07421875
0 0.2921875 0.33359375 0.04609375 0.0296875
0 0.40859375 0.35625 0.02421875 0.03046875
0 0.1734375 0.4234375 0.0515625 0.04140625
0 0.27578125 0.4046875 0.01640625 0.015625
0 0.121875 0.3078125 0.01796875 0.0390625
0 0.134375 0.34140625 0.0203125 0.0171875
0 0.2265625 0.846875 0.03984375 0.05546875
0 0.275 0.8453125 0.02109375 0.0203125
0 0.39609375 0.86953125 0.046875 0.0265625
0 0.5015625 0.81796875 0.02109375 0.02890625
0 0.3125 0.5265625 0.01640625 0.01484375
0 0.4125 0.53671875 0.01171875 0.01484375
0 0.375 0.49921875 0.01875 0.021875
0 0.5046875 0.46015625 0.0140625 0.01796875
0 0.775 0.2453125 0.0375 0.05703125
0 0.6203125 0.6671875 0.02421875 0.03046875
0 0.2921875 0.615625 0.03125 0.0296875
0 0.20234375 0.46640625 0.021875 0.02265625
0 0.2078125 0.6421875 0.021875 0.0328125
0 0.17109375 0.68984375 0.01875 0.02265625
0 0.12265625 0.8046875 0.040625 0.028125
0 0.86875 0.57109375 0.03046875 0.0359375
0 0.87578125 0.709375 0.01328125 0.01953125
0 0.89921875 0.67734375 0.01328125 0.01640625
0 0.81796875 0.759375 0.021875 0.0265625
0 0.37109375 0.19921875 0.02734375 0.03125
0 0.23046875 0.17890625 0.03046875 0.02578125
0 0.02265625 0.70234375 0.03359375 0.04609375
0 0.08984375 0.69140625 0.01875 0.0203125
0 0.034375 0.84609375 0.0328125 0.03046875