0 0.4015625 0.603125 0.059375 0.05625
0 0.3703125 0.53515625 0.025 0.028125
0 0.5421875 0.62578125 0.0421875 0.0609375
0 0.3203125 0.86953125 0.0546875 0.0375
0 0.5 0.85 0.0359375 0.075
0 0.7109375 0.6625 0.046875 0.03125
0 0.59375 0.6421875 0.025 0.03125
0 0.828125 0.57109375 0.0515625 0.0421875
0 0.72578125 0.59140625 0.0171875 0.015625
0 0.88125 0.6859375 0.01875 0.0390625
0 0.86796875 0.65234375 0.0203125 0.0171875
0 0.7671875 0.1484375 0.040625 0.05625
0 0.71875 0.15078125 0.021875 0.0203125
0 0.59765625 0.12890625 0.046875 0.028125
0 0.49296875 0.18203125 0.021875 0.0296875
0 0.68671875 0.4703125 0.0171875 0.015625
0 0.58671875 0.46171875 0.0125 0.015625
0 0.625 0.4984375 0.01875 0.021875
0 0.49609375 0.53984375 0.0140625 0.01875
0 0.2296875 0.759375 0.0390625 0.0578125
0 0.3765625 0.33515625 0.025 0.03125
0 0.70546875 0.38046875 0.03125 0.0296875
0 0.7984375 0.528125 0.021875 0.0234375
0 0.78984375 0.353125 0.021875 0.0328125
0 0.82578125 0.3046875 0.01875 0.0234375
0 0.871875 0.1890625 0.040625 0.028125
0 0.1296875 0.43515625 0.03125 0.0359375
0 0.1203125 0.296875 0.0140625 0.0203125
0 0.09765625 0.3296875 0.0140625 0.0171875
0 0.17734375 0.24609375 0.021875 0.0265625
0 0.634375 0.7984375 0.028125 0.03125
0 0.775 0.81640625 0.03125 0.0265625
0 0.9734375 0.2890625 0.034375 0.046875
0 0.90703125 0.3015625 0.01875 0.0203125
0 0.959375 0.14609375 0.0328125 0.03125