1 0.43203125 0.52265625 0.0578125 0.05078125
1 0.19609375 0.7265625 0.071875 0.0390625
1 0.659375 0.684375 0.03828125 0.0390625
1 0.81328125 0.475 0.053125 0.05234375
1 0.8484375 0.84140625 0.04921875 0.0484375
2 0.49453125 0.7734375 0.04609375 0.05390625
2 0.2703125 0.7625 0.0609375 0.0390625
2 0.34609375 0.43828125 0.05 0.04375
2 0.90625 0.62265625 0.06328125 0.04375
2 0.9515625 0.93359375 0.034375 0.04921875
3 0.28203125 0.82578125 0.03125 0.01953125
3 0.25859375 0.5203125 0.02421875 0.01796875
0 0.61484375 0.40546875 0.15390625 0.18125