1 0.19921875 0.73125 0.0546875 0.0484375
1 0.4375 0.52265625 0.0734375 0.04921875
1 0.646875 0.675 0.05234375 0.04140625
1 0.81875 0.46796875 0.0625 0.05234375
0 0.4765625 0.940625 0.14375 0.04375
0 0.6046875 0.41171875 0.146875 0.18671875
2 0.3484375 0.44375 0.05859375 0.04609375
2 0.903125 0.61484375 0.05546875 0.02890625
2 0.4921875 0.77890625 0.05234375 0.04765625
2 0.9484375 0.928125 0.05390625 0.0484375
3 0.6765625 0.89609375 0.02578125 0.01640625
3 0.48984375 0.64609375 0.0203125 0.015625
3 0.28046875 0.82109375 0.0234375 0.01640625
3 0.25859375 0.52109375 0.02578125 0.01875