1 0.19609375 0.73359375 0.06484375 0.0546875
1 0.43203125 0.515625 0.0828125 0.04453125
1 0.81796875 0.4640625 0.065625 0.05546875
1 0.646875 0.67890625 0.059375 0.075
1 0.8578125 0.84609375 0.0640625 0.05390625
0 0.471875 0.94296875 0.11796875 0.0625
0 0.6078125 0.41796875 0.15625 0.1984375
2 0.34921875 0.44375 0.06328125 0.04921875
2 0.89453125 0.62109375 0.08125 0.04140625
2 0.4953125 0.7765625 0.05859375 0.0609375
2 0.26328125 0.759375 0.0609375 0.0390625
3 0.25859375 0.515625 0.0265625 0.0265625
3 0.48984375 0.64453125 0.02578125 0.025
3 0.678125 0.89921875 0.025 0.01796875
3 0.27890625 0.8203125 0.0328125 0.0203125
2 0.95078125 0.92265625 0.04765625 0.05546875