0 0.2578125 0.38203125 0.065625 0.0765625
0 0.3390625 0.7421875 0.04375 0.0703125
0 0.653125 0.63828125 0.05625 0.0453125
0 0.4578125 0.32734375 0.053125 0.065625
0 0.35234375 0.21640625 0.0453125 0.0578125
0 0.79765625 0.16171875 0.0515625 0.065625
0 0.6640625 0.43046875 0.040625 0.034375
0 0.09609375 0.92265625 0.065625 0.0390625
0 0.6109375 0.95859375 0.0390625 0.0265625
0 0.3921875 0.6015625 0.0296875 0.0359375
0 0.459375 0.98359375 0.028125 0.03125
0 0.5625 0.665625 0.0296875 0.034375
0 0.02734375 0.228125 0.0296875 0.0421875
0 0.671875 0.1078125 0.0421875 0.0296875