0 0.28515625 0.6625 0.078125 0.0859375
0 0.2953125 0.29296875 0.0546875 0.075
0 0.62421875 0.33515625 0.0625 0.0546875
0 0.4921875 0.67734375 0.0625 0.0734375
0 0.409375 0.80703125 0.0546875 0.0640625
0 0.85703125 0.775 0.0609375 0.0734375
0 0.67421875 0.53671875 0.0453125 0.040625
0 0.02890625 0.1625 0.0578125 0.05
0 0.521875 0.028125 0.0421875 0.0328125
0 0.375 0.42109375 0.034375 0.040625
0 0.3671875 0.0328125 0.034375 0.0359375
0 0.5296875 0.325 0.034375 0.0390625
0 0.08828125 0.85703125 0.0375 0.046875
0 0.74296875 0.85234375 0.046875 0.0375