0 0.25234375 0.60546875 0.06171875 0.07265625
0 0.3515625 0.25 0.03984375 0.06796875
0 0.66015625 0.3703125 0.05390625 0.04296875
0 0.44921875 0.6703125 0.04921875 0.06328125
0 0.3375 0.77578125 0.0421875 0.05625
0 0.7796875 0.853125 0.04765625 0.06328125
0 0.66015625 0.578125 0.03828125 0.03203125
0 0.11875 0.05703125 0.06328125 0.0359375
0 0.63515625 0.04765625 0.0375 0.025
0 0.39765625 0.39296875 0.02734375 0.03515625
0 0.484375 0.01484375 0.02734375 0.0296875
0 0.57109375 0.3375 0.02734375 0.03359375
0 0.0140625 0.746875 0.028125 0.040625
0 0.65078125 0.90078125 0.04140625 0.028125