1 0.646875 0.6703125 0.05859375 0.05234375
1 0.825 0.46015625 0.075 0.07109375
0 0.47109375 0.9359375 0.13359375 0.046875
0 0.76015625 0.74609375 0.0296875 0.14921875
0 0.6109375 0.41484375 0.17265625 0.18671875
3 0.25859375 0.5234375 0.0203125 0.02265625
3 0.4875 0.64765625 0.0140625 0.01640625
3 0.75078125 0.51796875 0.02578125 0.01953125
2 0.91171875 0.61953125 0.053125 0.0359375
3 0.67265625 0.8953125 0.03359375 0.01953125
2 0.94453125 0.9265625 0.0515625 0.06015625
3 0.28359375 0.82265625 0.01953125 0.0171875