1 0.1984375 0.73203125 0.06328125 0.04765625
1 0.65234375 0.67890625 0.0609375 0.06953125
1 0.440625 0.5234375 0.08515625 0.03984375
1 0.81328125 0.465625 0.078125 0.06484375
0 0.609375 0.41328125 0.18203125 0.19765625
0 0.371875 0.65078125 0.134375 0.0828125
0 0.47265625 0.93671875 0.11875 0.05859375
0 0.7640625 0.75625 0.04765625 0.140625
2 0.9484375 0.92890625 0.06875 0.0484375
2 0.49765625 0.78359375 0.06484375 0.0515625
2 0.89765625 0.615625 0.0703125 0.04453125
2 0.35078125 0.4484375 0.07109375 0.04609375
3 0.26015625 0.5203125 0.025 0.0140625
3 0.28359375 0.82109375 0.02890625 0.02109375