1 0.43359375 0.51953125 0.0703125 0.03828125
1 0.65078125 0.67265625 0.0640625 0.0375
1 0.8203125 0.465625 0.065625 0.05078125
1 0.20234375 0.73828125 0.05625 0.04296875
2 0.4921875 0.77890625 0.04765625 0.046875
2 0.940625 0.925 0.0671875 0.0546875
0 0.47265625 0.93671875 0.13828125 0.04921875
0 0.375 0.646875 0.1578125 0.08046875
0 0.76796875 0.75546875 0.04765625 0.1390625
0 0.6078125 0.4109375 0.14140625 0.19296875
2 0.35546875 0.44765625 0.05625 0.046875
2 0.903125 0.61953125 0.05703125 0.04609375
3 0.4890625 0.646875 0.02265625 0.02265625
3 0.25390625 0.5203125 0.02109375 0.0125
3 0.278125 0.8203125 0.02421875 0.01328125