0 0.83046875 0.7546875 0.05625 0.034375
0 0.78359375 0.684375 0.0421875 0.0375
0 0.73671875 0.68203125 0.0265625 0.040625
0 0.60234375 0.64765625 0.0578125 0.0546875
0 0.940625 0.5203125 0.040625 0.046875
0 0.6640625 0.3859375 0.05 0.053125
0 0.7515625 0.4484375 0.0359375 0.040625
0 0.66875 0.03671875 0.0484375 0.0578125
0 0.671875 0.1609375 0.0421875 0.065625
0 0.97265625 0.36953125 0.0546875 0.1015625
0 0.98125 0.45 0.0375 0.059375
0 0.8765625 0.36875 0.0296875 0.059375
0 0.3765625 0.4078125 0.04375 0.0671875
0 0.4078125 0.2375 0.0375 0.0484375
0 0.3171875 0.11484375 0.025 0.0453125
0 0.1171875 0.528125 0.040625 0.0515625
0 0.5796875 0.896875 0.034375 0.0390625