0 0.15703125 0.73671875 0.0546875 0.03203125
0 0.20703125 0.66953125 0.040625 0.03515625
0 0.25390625 0.66953125 0.025 0.0390625
0 0.38984375 0.6421875 0.0546875 0.05234375
0 0.05859375 0.496875 0.0390625 0.04453125
0 0.3421875 0.37734375 0.04765625 0.05
0 0.2515625 0.43515625 0.03359375 0.0390625
0 0.35546875 0.028125 0.04609375 0.05625
0 0.34609375 0.15234375 0.0390625 0.06328125
0 0.03515625 0.3453125 0.05 0.0984375
0 0.01953125 0.42578125 0.0390625 0.0578125
0 0.13046875 0.34921875 0.0265625 0.0578125
0 0.628125 0.4140625 0.040625 0.06484375
0 0.60546875 0.24296875 0.03515625 0.046875
0 0.70234375 0.125 0.0234375 0.04453125
0 0.88046875 0.5484375 0.0375 0.05
0 0.4 0.8921875 0.03203125 0.0375