0 0.87265625 0.31328125 0.059375 0.0390625
0 0.8140625 0.37265625 0.0453125 0.040625
0 0.7671875 0.36640625 0.0296875 0.0421875
0 0.62890625 0.37421875 0.0609375 0.059375
0 0.93671875 0.56484375 0.0453125 0.05
0 0.6390625 0.64375 0.0546875 0.05625
0 0.73671875 0.5984375 0.0390625 0.04375
0 0.5765625 0.978125 0.053125 0.04375
0 0.60390625 0.865625 0.046875 0.06875
0 0.9390625 0.71796875 0.0625 0.1046875
0 0.965625 0.640625 0.046875 0.0625
0 0.8453125 0.70078125 0.034375 0.0609375
0 0.3609375 0.5671875 0.05 0.0703125
0 0.36015625 0.73984375 0.040625 0.0515625
0 0.24765625 0.84296875 0.0296875 0.046875
0 0.1296875 0.39921875 0.04375 0.0546875
0 0.65390625 0.12578125 0.0375 0.0421875