0 0.37734375 0.646875 0.13359375 0.0734375
0 0.471875 0.9359375 0.1234375 0.04453125
0 0.7640625 0.75390625 0.04453125 0.12265625
0 0.60703125 0.41171875 0.14921875 0.18359375
1 0.196875 0.73125 0.078125 0.04765625
1 0.44140625 0.52109375 0.078125 0.04921875
1 0.8171875 0.47109375 0.0640625 0.05234375
1 0.6453125 0.6765625 0.06328125 0.053125
2 0.49140625 0.77734375 0.03828125 0.0359375
2 0.35390625 0.44296875 0.04765625 0.04609375
2 0.9453125 0.92578125 0.053125 0.0375
2 0.91015625 0.621875 0.0640625 0.03984375
3 0.75390625 0.5203125 0.02734375 0.01796875
3 0.49453125 0.6484375 0.03515625 0.01875
3 0.2625 0.525 0.03515625 0.01953125
3 0.28828125 0.8234375 0.03671875 0.021875
3 0.678125 0.89765625 0.0359375 0.021875