0 0.02109375 0.52578125 0.0421875 0.0390625
0 0.26875 0.4546875 0.0375 0.02578125
0 0.4234375 0.43671875 0.06953125 0.0390625
0 0.4140625 0.771875 0.06015625 0.0390625
0 0.46171875 0.6515625 0.025 0.0484375
0 0.39765625 0.6921875 0.02109375 0.028125
0 0.559375 0.225 0.03515625 0.04453125
0 0.53359375 0.1125 0.04765625 0.0578125
0 0.4765625 0.19296875 0.0375 0.046875
0 0.66484375 0.11015625 0.0796875 0.0671875
0 0.3125 0.25625 0.053125 0.0390625
0 0.1796875 0.0203125 0.03203125 0.040625
0 0.1125 0.1796875 0.03359375 0.0390625
0 0.13828125 0.334375 0.03515625 0.03515625
0 0.85625 0.5515625 0.05 0.0671875