0 0.021875 0.465625 0.0421875 0.0390625
0 0.26796875 0.54140625 0.0375 0.0265625
0 0.42265625 0.56171875 0.0703125 0.040625
0 0.41875 0.2265625 0.0609375 0.040625
0 0.4640625 0.34765625 0.0265625 0.0484375
0 0.40078125 0.30625 0.021875 0.028125
0 0.5546875 0.77578125 0.0359375 0.0453125
0 0.5265625 0.88828125 0.0484375 0.059375
0 0.47109375 0.80625 0.0390625 0.046875
0 0.6578125 0.89296875 0.08125 0.06875
0 0.30859375 0.740625 0.053125 0.040625
0 0.17109375 0.97421875 0.0328125 0.040625
0 0.10703125 0.81328125 0.034375 0.0390625
0 0.13515625 0.659375 0.0359375 0.0359375
0 0.85703125 0.4546875 0.0515625 0.06875