0 0.02109375 0.4828125 0.0421875 0.0390625
0 0.26953125 0.54921875 0.0375 0.0265625
0 0.42421875 0.56484375 0.0703125 0.040625
0 0.409375 0.2296875 0.0609375 0.040625
0 0.459375 0.34921875 0.0265625 0.0484375
0 0.39453125 0.309375 0.021875 0.028125
0 0.5640625 0.77421875 0.0359375 0.0453125
0 0.540625 0.88671875 0.0484375 0.059375
0 0.48203125 0.80703125 0.0390625 0.046875
0 0.671875 0.88671875 0.08125 0.06875
0 0.31640625 0.746875 0.053125 0.040625
0 0.18828125 0.98203125 0.0328125 0.0359375
0 0.11796875 0.82734375 0.034375 0.0390625
0 0.14140625 0.671875 0.0359375 0.0359375
0 0.85546875 0.4421875 0.0515625 0.06875