0 0.2703125 0.50546875 0.0359375 0.05
0 0.19765625 0.5921875 0.0296875 0.040625
0 0.13359375 0.5453125 0.0359375 0.05
0 0.34921875 0.24296875 0.0578125 0.0484375
0 0.45 0.40703125 0.0203125 0.021875
0 0.503125 0.4234375 0.0234375 0.0390625
0 0.5859375 0.38515625 0.0203125 0.0375
0 0.61875 0.46484375 0.0421875 0.0359375
0 0.58984375 0.6421875 0.04375 0.04375
0 0.78984375 0.80234375 0.0375 0.0421875
0 0.66640625 0.66640625 0.0578125 0.05
0 0.85390625 0.66171875 0.040625 0.053125
0 0.8734375 0.62890625 0.0265625 0.0484375
0 0.69140625 0.89765625 0.03125 0.0328125
0 0.065625 0.1765625 0.034375 0.0609375
0 0.1140625 0.21484375 0.0453125 0.0453125
0 0.3203125 0.11953125 0.03125 0.0265625
0 0.18359375 0.13828125 0.021875 0.028125
0 0.2703125 0.23046875 0.0234375 0.0390625