0 0.28046875 0.56953125 0.0390625 0.0515625
0 0.18359375 0.5109375 0.0328125 0.0421875
0 0.13828125 0.5765625 0.0390625 0.0515625
0 0.44140625 0.7921875 0.0609375 0.053125
0 0.4828125 0.60390625 0.021875 0.0234375
0 0.528125 0.571875 0.0265625 0.040625
0 0.61875 0.58125 0.021875 0.0375
0 0.6234375 0.49453125 0.0453125 0.0390625
0 0.53828125 0.3359375 0.046875 0.046875
0 0.67578125 0.1203125 0.040625 0.0453125
0 0.603125 0.2890625 0.0609375 0.0546875
0 0.78125 0.23203125 0.04375 0.0546875
0 0.8109375 0.25625 0.0296875 0.05
0 0.5515625 0.06171875 0.034375 0.034375
0 0.1953125 0.94765625 0.0390625 0.0625
0 0.228125 0.8953125 0.0484375 0.0484375
0 0.45390625 0.91796875 0.0328125 0.028125
0 0.31796875 0.9453125 0.025 0.0296875
0 0.3703125 0.8296875 0.0265625 0.040625