0 0.27109375 0.52265625 0.03046875 0.046875
0 0.18828125 0.4453125 0.025 0.0375
0 0.13046875 0.5 0.03046875 0.046875
0 0.38203125 0.7734375 0.053125 0.04296875
0 0.46171875 0.5984375 0.01796875 0.0203125
0 0.5125 0.57578125 0.01953125 0.0375
0 0.59921875 0.60390625 0.015625 0.03515625
0 0.621875 0.5203125 0.0390625 0.03203125
0 0.571875 0.34765625 0.0390625 0.0390625
0 0.75078125 0.16484375 0.03359375 0.0390625
0 0.64453125 0.31484375 0.053125 0.04453125
0 0.83125 0.29609375 0.03515625 0.0484375
0 0.8546875 0.3265625 0.02109375 0.046875
0 0.64140625 0.08203125 0.028125 0.0296875
0 0.10859375 0.87421875 0.028125 0.0578125
0 0.1515625 0.83046875 0.040625 0.040625
0 0.36796875 0.89921875 0.028125 0.02265625
0 0.2296875 0.89765625 0.01953125 0.02578125
0 0.3046875 0.7953125 0.01953125 0.0375