0 0.2875 0.28203125 0.0546875 0.053125
0 0.2015625 0.16953125 0.05 0.0578125
0 0.07578125 0.1109375 0.04375 0.0390625
0 0.165625 0.04296875 0.0234375 0.0328125
0 0.4765625 0.584375 0.0359375 0.0375
0 0.1890625 0.5078125 0.040625 0.021875
0 0.2 0.58984375 0.034375 0.05
0 0.1296875 0.71796875 0.059375 0.0390625
0 0.48984375 0.7359375 0.01875 0.0359375
0 0.61484375 0.7625 0.0671875 0.0484375
0 0.671875 0.6265625 0.040625 0.0421875
0 0.79453125 0.71171875 0.03125 0.0484375
0 0.74296875 0.7265625 0.03125 0.0390625
0 0.75078125 0.771875 0.034375 0.040625
0 0.6 0.37265625 0.03125 0.046875
0 0.68359375 0.30859375 0.0265625 0.0375
0 0.63359375 0.08359375 0.021875 0.0421875
0 0.69921875 0.10859375 0.0203125 0.015625
0 0.78984375 0.18125 0.040625 0.0359375
0 0.81015625 0.26171875 0.0234375 0.0375
0 0.84140625 0.33046875 0.0359375 0.04375
0 0.975 0.57890625 0.0296875 0.021875