0 0.65859375 0.23984375 0.05625 0.0546875
0 0.71640625 0.1109375 0.053125 0.059375
0 0.8265625 0.02578125 0.0453125 0.040625
0 0.54140625 0.57734375 0.0375 0.0390625
0 0.8046875 0.4375 0.040625 0.0234375
0 0.8125 0.5203125 0.0359375 0.05
0 0.91015625 0.6296875 0.0609375 0.040625
0 0.5625 0.728125 0.0203125 0.0375
0 0.44765625 0.78203125 0.06875 0.0515625
0 0.3609375 0.6625 0.0421875 0.04375
0 0.82265625 0.94921875 0.0296875 0.0203125
0 0.2609375 0.77265625 0.0328125 0.05
0 0.3140625 0.77578125 0.0328125 0.040625
0 0.3171875 0.821875 0.0359375 0.040625
0 0.3734375 0.3984375 0.034375 0.0484375
0 0.278125 0.3546875 0.028125 0.0375
0 0.27578125 0.12421875 0.0234375 0.0421875
0 0.21796875 0.16328125 0.021875 0.015625
0 0.14609375 0.2546875 0.0421875 0.0375
0 0.14453125 0.3375 0.0265625 0.0375
0 0.1296875 0.41171875 0.0375 0.0453125
0 0.0546875 0.684375 0.0296875 0.021875