0 0.30703125 0.2640625 0.05 0.0484375
0 0.23125 0.14453125 0.04609375 0.05390625
0 0.1109375 0.07578125 0.040625 0.03515625
0 0.20703125 0.015625 0.0203125 0.03125
0 0.46953125 0.58203125 0.03359375 0.03515625
0 0.18984375 0.48046875 0.0390625 0.01875
0 0.19296875 0.56328125 0.03046875 0.046875
0 0.11171875 0.68515625 0.05703125 0.03359375
0 0.46953125 0.734375 0.015625 0.03515625
0 0.59140625 0.771875 0.0640625 0.04296875
0 0.66015625 0.64140625 0.0375 0.0390625
0 0.24296875 0.98984375 0.028125 0.01640625
0 0.775 0.73671875 0.0265625 0.046875
0 0.72265625 0.746875 0.028125 0.0375
0 0.72578125 0.79296875 0.03046875 0.0375
0 0.6109375 0.38203125 0.028125 0.04453125
0 0.69921875 0.325 0.0234375 0.03515625
0 0.66953125 0.096875 0.01796875 0.040625
0 0.7328125 0.12734375 0.01953125 0.01328125
0 0.81640625 0.2078125 0.0375 0.03203125
0 0.8296875 0.28984375 0.02109375 0.03515625
0 0.8546875 0.3609375 0.03203125 0.040625
0 0.96640625 0.6203125 0.028125 0.01875