0 0.3171875 0.5734375 0.296875 0.08203125
1 0.1875 0.66171875 0.0703125 0.053125
1 0.4921875 0.5078125 0.0703125 0.05859375
1 0.87578125 0.52265625 0.07578125 0.065625
1 0.62578125 0.69296875 0.0796875 0.04296875
2 0.4046875 0.70859375 0.05390625 0.04375
2 0.92109375 0.7328125 0.0625 0.0484375
2 0.36328125 0.43515625 0.05546875 0.04296875
3 0.25859375 0.52265625 0.034375 0.01328125
3 0.49375 0.64921875 0.02578125 0.01875
3 0.28359375 0.821875 0.034375 0.021875
3 0.6765625 0.90078125 0.0375 0.01796875
2 0.59921875 0.94765625 0.05234375 0.03359375