0 0.275 0.9828125 0.0359375 0.0328125
0 0.32265625 0.759375 0.0546875 0.0625
0 0.3734375 0.47734375 0.0484375 0.0578125
0 0.03984375 0.23984375 0.053125 0.065625
0 0.2296875 0.315625 0.0265625 0.0265625
0 0.25703125 0.465625 0.0296875 0.0296875
0 0.478125 0.16328125 0.0703125 0.096875
0 0.63515625 0.021875 0.0421875 0.04375
0 0.6921875 0.79296875 0.0421875 0.0421875
0 0.79296875 0.84609375 0.0375 0.04375
0 0.74453125 0.75546875 0.034375 0.025
0 0.4703125 0.640625 0.046875 0.0703125
0 0.4 0.584375 0.0328125 0.0484375
0 0.934375 0.7078125 0.0296875 0.03125
0 0.05 0.75390625 0.040625 0.06875
0 0.78828125 0.57109375 0.0421875 0.040625
0 0.9453125 0.56796875 0.025 0.0328125
0 0.934375 0.6265625 0.0359375 0.03125