0 0.9015625 0.84921875 0.0375 0.0359375
0 0.7671875 0.66484375 0.059375 0.065625
0 0.60625 0.428125 0.053125 0.0609375
0 0.81484375 0.075 0.0578125 0.06875
0 0.671875 0.221875 0.028125 0.028125
0 0.7078125 0.36953125 0.0328125 0.03125
0 0.3828125 0.18359375 0.078125 0.1015625
0 0.17890625 0.1140625 0.046875 0.05625
0 0.44375 0.84609375 0.0453125 0.0453125
0 0.3734375 0.93515625 0.040625 0.0453125
0 0.38046875 0.8328125 0.0359375 0.028125
0 0.584375 0.61640625 0.053125 0.071875
0 0.62578125 0.53671875 0.0375 0.05
0 0.1875 0.8671875 0.03125 0.034375
0 0.9953125 0.54921875 0.009375 0.0703125
0 0.265625 0.6828125 0.0453125 0.04375
0 0.12109375 0.74296875 0.028125 0.034375
0 0.1546875 0.7921875 0.0375 0.0328125