0 0.20234375 0.05859375 0.03203125 0.028125
0 0.284375 0.271875 0.04609375 0.05625
0 0.37890625 0.5421875 0.040625 0.05234375
0 0.0859375 0.82890625 0.04453125 0.059375
0 0.26171875 0.72421875 0.0234375 0.02265625
0 0.265625 0.571875 0.0265625 0.02578125
0 0.53125 0.8359375 0.05703125 0.0890625
0 0.71015625 0.95546875 0.03515625 0.0484375
0 0.64375 0.18046875 0.0375 0.0375
0 0.73515625 0.1125 0.03203125 0.0390625
0 0.7015625 0.209375 0.03203125 0.0203125
0 0.4484375 0.365625 0.0375 0.06484375
0 0.38828125 0.43203125 0.0265625 0.04453125
0 0.896875 0.2265625 0.025 0.028125
0 0.015625 0.31953125 0.03125 0.0640625
0 0.7734375 0.384375 0.0375 0.03515625
0 0.92890625 0.36328125 0.02109375 0.0296875
0 0.909375 0.30703125 0.03203125 0.02578125