0 0.15625 0.36328125 0.04375 0.0421875
0 0.21640625 0.31640625 0.0359375 0.0265625
0 0.20625 0.42265625 0.0609375 0.0421875
0 0.184375 0.528125 0.028125 0.0328125
0 0.02109375 0.625 0.034375 0.03125
0 0.21640625 0.696875 0.0375 0.0625
0 0.0859375 0.8203125 0.046875 0.065625
0 0.571875 0.56953125 0.06875 0.0671875
0 0.69296875 0.54296875 0.0328125 0.0609375
0 0.6875 0.659375 0.0703125 0.059375
0 0.446875 0.90390625 0.0734375 0.0453125
0 0.50625 0.30390625 0.0375 0.0359375
0 0.53515625 0.42578125 0.0234375 0.0265625
0 0.38671875 0.203125 0.0140625 0.025
0 0.38671875 0.08828125 0.028125 0.0265625
0 0.45078125 0.0453125 0.0328125 0.0390625
0 0.76796875 0.20390625 0.025 0.0359375
0 0.69140625 0.3125 0.0296875 0.059375
0 0.7140625 0.3609375 0.0265625 0.034375
0 0.95390625 0.81953125 0.025 0.0578125
0 0.915625 0.825 0.015625 0.040625
0 0.24453125 0.78046875 0.03125 0.0359375
0 0.3171875 0.69140625 0.0203125 0.040625
0 0.34609375 0.5984375 0.0328125 0.0265625