0 0.1421875 0.40625 0.0390625 0.0375
0 0.19609375 0.35234375 0.03359375 0.02265625
0 0.19921875 0.459375 0.05703125 0.03515625
0 0.18984375 0.56640625 0.025 0.0296875
0 0.03984375 0.6828125 0.03046875 0.028125
0 0.0125 0.8015625 0.025 0.06875
0 0.2421875 0.7296875 0.03046875 0.059375
0 0.128125 0.86875 0.0390625 0.06171875
0 0.5796875 0.56015625 0.0625 0.059375
0 0.696875 0.51875 0.0265625 0.0578125
0 0.70546875 0.63515625 0.0640625 0.05234375
0 0.49609375 0.90703125 0.06953125 0.0375
0 0.48203125 0.3046875 0.03359375 0.03203125
0 0.52578125 0.421875 0.02109375 0.02421875
0 0.3515625 0.21875 0.0109375 0.02421875
0 0.3375 0.10546875 0.025 0.02421875
0 0.39609375 0.0546875 0.028125 0.03515625
0 0.7296875 0.1734375 0.02109375 0.03359375
0 0.6671875 0.290625 0.0234375 0.05625
0 0.6953125 0.3359375 0.0234375 0.03203125
0 0.9890625 0.76171875 0.01796875 0.05625
0 0.95234375 0.771875 0.0109375 0.0390625
0 0.28046875 0.809375 0.028125 0.03203125
0 0.3421875 0.7125 0.015625 0.0390625
0 0.359375 0.61640625 0.03046875 0.02265625