0 0.16640625 0.66015625 0.0453125 0.04375
0 0.2296875 0.703125 0.0375 0.028125
0 0.2125 0.59765625 0.0625 0.0453125
0 0.1828125 0.49375 0.0296875 0.034375
0 0.015625 0.40859375 0.03125 0.0328125
0 0.203125 0.3234375 0.040625 0.0640625
0 0.06484375 0.20859375 0.05 0.06875
0 0.56640625 0.42578125 0.0734375 0.0703125
0 0.68984375 0.44375 0.0375 0.0625
0 0.67578125 0.328125 0.0734375 0.0640625
0 0.41875 0.1015625 0.075 0.05
0 0.51953125 0.6953125 0.0390625 0.0375
0 0.53984375 0.571875 0.025 0.028125
0 0.4078125 0.8046875 0.015625 0.0265625
0 0.415625 0.91796875 0.0296875 0.028125
0 0.4828125 0.95703125 0.034375 0.040625
0 0.7875 0.7765625 0.0265625 0.0375
0 0.70390625 0.6734375 0.034375 0.059375
0 0.72265625 0.6234375 0.0296875 0.0359375
0 0.93046875 0.15 0.028125 0.059375
0 0.8921875 0.146875 0.01875 0.040625
0 0.22578125 0.23828125 0.034375 0.0375
0 0.3046875 0.321875 0.0234375 0.040625
0 0.33984375 0.4125 0.034375 0.028125