0 0.109375 0.19609375 0.0546875 0.0578125
0 0.3078125 0.12578125 0.07265625 0.0796875
0 0.315625 0.01015625 0.03359375 0.0203125
0 0.26796875 0.00546875 0.025 0.0109375
0 0.22265625 0.00546875 0.03046875 0.0109375
0 0.89609375 0.54765625 0.03046875 0.0484375
0 0.99453125 0.734375 0.00703125 0.06875
0 0.67421875 0.634375 0.040625 0.02421875
0 0.96953125 0.75546875 0.02109375 0.03515625
0 0.48828125 0.29453125 0.025 0.0484375
0 0.51484375 0.2609375 0.03203125 0.040625
0 0.359375 0.2140625 0.0515625 0.0296875
0 0.03046875 0.73125 0.05 0.06171875
0 0.0671875 0.5546875 0.03515625 0.0296875
0 0.103125 0.47578125 0.025 0.03203125
0 0.271875 0.75625 0.03203125 0.05234375
0 0.3375 0.70390625 0.04296875 0.03359375
0 0.39140625 0.9046875 0.040625 0.03359375