0 0.915625 0.23125 0.059375 0.0625
0 0.72421875 0.14375 0.0796875 0.0859375
0 0.7265625 0.028125 0.0359375 0.0234375
0 0.77421875 0.02734375 0.0265625 0.0125
0 0.81953125 0.03125 0.03125 0.0140625
0 0.1015625 0.51328125 0.034375 0.0515625
0 0.31484375 0.61875 0.0421875 0.028125
0 0.0109375 0.7125 0.021875 0.0375
0 0.5296875 0.29609375 0.0296875 0.05
0 0.50625 0.2609375 0.0359375 0.04375
0 0.66484375 0.22734375 0.0546875 0.034375
0 0.94765625 0.77109375 0.0546875 0.065625
0 0.9265625 0.5921875 0.0375 0.0328125
0 0.89765625 0.51015625 0.028125 0.034375
0 0.7046875 0.775 0.0359375 0.0546875
0 0.64375 0.7171875 0.0453125 0.0375
0 0.57265625 0.9125 0.04375 0.0375