0 0.91328125 0.7609375 0.0328125 0.0328125
0 0.85234375 0.63515625 0.05 0.0484375
0 0.44140625 0.6578125 0.0390625 0.0265625
0 0.8421875 0.4234375 0.078125 0.059375
0 0.8140625 0.3796875 0.05625 0.046875
0 0.5625 0.2609375 0.0515625 0.0421875
0 0.53125 0.4515625 0.0328125 0.0390625
0 0.8015625 0.253125 0.034375 0.0359375
0 0.86015625 0.22578125 0.03125 0.025
0 0.8359375 0.18125 0.0296875 0.0265625
0 0.76953125 0.14375 0.0296875 0.0390625
0 0.121875 0.40234375 0.0515625 0.046875
0 0.03203125 0.19140625 0.04375 0.0734375
0 0.43125 0.3875 0.034375 0.0359375
0 0.578125 0.8375 0.0375 0.053125
0 0.6078125 0.80546875 0.03125 0.0328125
0 0.51015625 0.825 0.0296875 0.0359375
0 0.54296875 0.98046875 0.0265625 0.0328125
0 0.4375 0.97421875 0.0203125 0.0265625