0 0.078125 0.25390625 0.03203125 0.03203125
0 0.14296875 0.37734375 0.04765625 0.046875
0 0.553125 0.340625 0.0375 0.02578125
0 0.1609375 0.58828125 0.0765625 0.05625
0 0.190625 0.63125 0.0546875 0.04453125
0 0.44609375 0.74140625 0.05 0.040625
0 0.4703125 0.54921875 0.03203125 0.0375
0 0.20703125 0.75703125 0.03359375 0.03515625
0 0.15 0.78671875 0.03046875 0.02421875
0 0.17578125 0.83046875 0.028125 0.02578125
0 0.24296875 0.865625 0.028125 0.0375
0 0.88125 0.584375 0.05 0.04453125
0 0.978125 0.7921875 0.040625 0.07265625
0 0.57265625 0.61015625 0.03359375 0.03515625
0 0.41015625 0.165625 0.03515625 0.05234375
0 0.38125 0.1984375 0.03046875 0.03203125
0 0.478125 0.17578125 0.028125 0.03515625
0 0.440625 0.02109375 0.025 0.03203125
0 0.54609375 0.02421875 0.01953125 0.02578125