0 0.8671875 0.821875 0.0375 0.0375
0 0.82734375 0.68828125 0.05625 0.0546875
0 0.4171875 0.64609375 0.0421875 0.0328125
0 0.85 0.478125 0.0859375 0.0703125
0 0.82890625 0.43046875 0.0625 0.0546875
0 0.59921875 0.2734375 0.05625 0.05
0 0.53828125 0.45703125 0.0390625 0.0421875
0 0.83671875 0.30390625 0.0390625 0.040625
0 0.8984375 0.28515625 0.034375 0.0296875
0 0.88125 0.2375 0.0328125 0.03125
0 0.821875 0.18984375 0.034375 0.0421875
0 0.1421875 0.34453125 0.0578125 0.053125
0 0.08671875 0.121875 0.053125 0.0796875
0 0.45 0.378125 0.0390625 0.040625
0 0.52421875 0.8453125 0.04375 0.0578125
0 0.559375 0.81875 0.0359375 0.0375
0 0.459375 0.82265625 0.034375 0.040625
0 0.4671875 0.98125 0.03125 0.0359375
0 0.3640625 0.95859375 0.0234375 0.0296875