0 0.8203125 0.30546875 0.0390625 0.046875
0 0.571875 0.125 0.0609375 0.0671875
0 0.64375 0.121875 0.0671875 0.03125
0 0.7171875 0.44140625 0.0484375 0.0421875
0 0.68203125 0.29453125 0.0390625 0.053125
0 0.6421875 0.67109375 0.0296875 0.0359375
0 0.6421875 0.7140625 0.05625 0.0421875
0 0.42265625 0.265625 0.0546875 0.0875
0 0.33828125 0.30625 0.0625 0.059375
0 0.57890625 0.38125 0.0546875 0.059375
0 0.40234375 0.63125 0.0484375 0.0625
0 0.2546875 0.615625 0.065625 0.06875
0 0.26796875 0.2140625 0.0390625 0.0484375
0 0.11015625 0.5046875 0.03125 0.0328125
0 0.7671875 0.0109375 0.04375 0.021875