0 0.16953125 0.67734375 0.0359375 0.0453125
0 0.40859375 0.87109375 0.059375 0.0640625
0 0.33671875 0.8703125 0.065625 0.028125
0 0.28046875 0.54765625 0.046875 0.040625
0 0.30703125 0.69609375 0.0359375 0.0515625
0 0.3671875 0.32109375 0.028125 0.034375
0 0.36953125 0.278125 0.0546875 0.040625
0 0.56484375 0.7375 0.0515625 0.0875
0 0.6515625 0.70234375 0.0609375 0.0578125
0 0.41484375 0.61484375 0.0515625 0.0578125
0 0.6046875 0.37421875 0.0453125 0.0609375
0 0.75078125 0.39765625 0.0640625 0.065625
0 0.9921875 0.68984375 0.015625 0.0609375
0 0.7171875 0.79765625 0.0375 0.046875
0 0.88984375 0.515625 0.0296875 0.03125
0 0.20703125 0.98203125 0.0421875 0.0359375