0 0.1484375 0.6296875 0.03125 0.04140625
0 0.3578125 0.8546875 0.0515625 0.0578125
0 0.28671875 0.84375 0.0640625 0.01953125
0 0.27578125 0.51640625 0.0421875 0.03515625
0 0.28203125 0.6671875 0.0296875 0.0484375
0 0.39296875 0.3046875 0.02421875 0.03203125
0 0.4015625 0.2625 0.05078125 0.03359375
0 0.53125 0.74453125 0.03984375 0.08203125
0 0.621875 0.72109375 0.0546875 0.05
0 0.4 0.6015625 0.0453125 0.0515625
0 0.62109375 0.38984375 0.03828125 0.05625
0 0.7625 0.43359375 0.05625 0.05859375
0 0.97890625 0.759375 0.0421875 0.05625
0 0.6734375 0.825 0.03203125 0.04296875
0 0.88359375 0.56953125 0.0265625 0.028125
0 0.1421875 0.940625 0.03671875 0.0390625