0 0.58828125 0.38515625 0.04375 0.0328125
0 0.4984375 0.4140625 0.05 0.075
0 0.521875 0.83046875 0.0515625 0.0625
0 0.465625 0.81953125 0.071875 0.06875
0 0.80859375 0.8234375 0.0390625 0.021875
0 0.97890625 0.52734375 0.0421875 0.0390625
0 0.890625 0.4671875 0.04375 0.0359375
0 0.4421875 0.20703125 0.053125 0.071875
0 0.04609375 0.28359375 0.0421875 0.0265625
0 0.015625 0.29765625 0.03125 0.0578125
0 0.1515625 0.61171875 0.0609375 0.05
0 0.48828125 0.64140625 0.0359375 0.0359375
0 0.728125 0.10390625 0.0296875 0.0390625
0 0.7671875 0.40546875 0.028125 0.021875
0 0.45703125 0.30625 0.021875 0.040625
0 0.55546875 0.46875 0.0296875 0.0375
0 0.6890625 0.178125 0.059375 0.034375
0 0.2609375 0.18203125 0.01875 0.025
0 0.29921875 0.27109375 0.0265625 0.0375
0 0.684375 0.77265625 0.0515625 0.0375
0 0.47421875 0.97421875 0.0359375 0.04375