0 0.38515625 0.4125 0.04375 0.034375
0 0.47890625 0.41640625 0.053125 0.0765625
0 0.5640625 0.825 0.0546875 0.065625
0 0.615625 0.8 0.075 0.071875
0 0.28515625 0.8921875 0.040625 0.0234375
0 0.04453125 0.65078125 0.04375 0.0421875
0 0.1140625 0.56953125 0.0453125 0.0375
0 0.4796875 0.2015625 0.05625 0.075
0 0.8828125 0.1734375 0.04375 0.028125
0 0.928125 0.17578125 0.0609375 0.0609375
0 0.865625 0.51796875 0.0625 0.0515625
0 0.54765625 0.6328125 0.0375 0.0375
0 0.17734375 0.17578125 0.03125 0.0390625
0 0.2171875 0.47734375 0.028125 0.021875
0 0.49140625 0.30234375 0.0234375 0.040625
0 0.43828125 0.484375 0.03125 0.0390625
0 0.23359375 0.23828125 0.0609375 0.0359375
0 0.6484375 0.13046875 0.0203125 0.025
0 0.634375 0.22734375 0.028125 0.0375
0 0.39296875 0.8109375 0.053125 0.040625
0 0.11328125 0.07265625 0.0375 0.0390625
0 0.64765625 0.9515625 0.0375 0.0453125