0 0.4 0.6046875 0.040625 0.028125
0 0.4921875 0.5859375 0.04296875 0.0703125
0 0.5125 0.16875 0.0453125 0.05859375
0 0.5671875 0.1859375 0.06640625 0.0625
0 0.2265625 0.14609375 0.0375 0.01796875
0 0.0265625 0.42265625 0.0390625 0.0359375
0 0.1078125 0.49140625 0.04140625 0.03125
0 0.5265625 0.79765625 0.04609375 0.06796875
0 0.92890625 0.7625 0.040625 0.02265625
0 0.9734375 0.753125 0.053125 0.053125
0 0.85859375 0.425 0.05625 0.04375
0 0.5265625 0.3609375 0.0328125 0.03203125
0 0.23203125 0.8703125 0.02578125 0.0359375
0 0.22421875 0.56640625 0.02578125 0.01875
0 0.52265625 0.696875 0.01796875 0.03828125
0 0.44140625 0.525 0.0265625 0.03515625
0 0.278125 0.8 0.05703125 0.028125
0 0.7046875 0.84140625 0.01640625 0.02265625
0 0.67578125 0.7484375 0.02265625 0.03515625
0 0.3453125 0.209375 0.0484375 0.0328125
0 0.18515625 0.9828125 0.0328125 0.034375
0 0.575 0.03125 0.03125 0.04140625