0 0.6390625 0.41484375 0.0328125 0.0375
0 0.5296875 0.34453125 0.0453125 0.0859375
0 0.421875 0.45078125 0.046875 0.040625
0 0.23984375 0.2109375 0.0484375 0.0328125
0 0.1046875 0.628125 0.0296875 0.040625
0 0.37890625 0.6921875 0.025 0.0296875
0 0.73203125 0.25859375 0.0890625 0.065625
0 0.653125 0.228125 0.03125 0.03125
0 0.8421875 0.6453125 0.015625 0.0375
0 0.721875 0.62109375 0.034375 0.0359375
0 0.87890625 0.71171875 0.0375 0.0328125
0 0.94453125 0.87109375 0.0328125 0.0375
0 0.8515625 0.8171875 0.0265625 0.0203125
0 0.8765625 0.4484375 0.034375 0.0265625
0 0.92734375 0.54609375 0.0234375 0.0234375
0 0.853125 0.51328125 0.025 0.040625
0 0.80234375 0.4703125 0.0265625 0.0203125
0 0.5609375 0.91171875 0.015625 0.03125
0 0.7765625 0.3515625 0.021875 0.03125
0 0.08359375 0.53046875 0.025 0.0375
0 0.009375 0.73203125 0.01875 0.0390625
0 0.55859375 0.55625 0.0203125 0.0203125
0 0.2796875 0.53125 0.0609375 0.053125
0 0.95390625 0.12265625 0.0328125 0.0328125
0 0.68125 0.028125 0.0359375 0.025
0 0.4375 0.03671875 0.015625 0.0234375