0 0.3703125 0.40078125 0.0296875 0.03515625
0 0.48671875 0.3421875 0.0375 0.0828125
0 0.5828125 0.459375 0.04375 0.03671875
0 0.7890625 0.23984375 0.0453125 0.028125
0 0.8796875 0.66875 0.02578125 0.03828125
0 0.6 0.70390625 0.02265625 0.028125
0 0.29453125 0.2359375 0.08359375 0.05703125
0 0.37578125 0.21328125 0.02890625 0.02890625
0 0.14453125 0.60859375 0.01171875 0.03671875
0 0.26640625 0.596875 0.03046875 0.03359375
0 0.10078125 0.67109375 0.03515625 0.0296875
0 0.01875 0.82265625 0.02890625 0.03515625
0 0.1171875 0.77890625 0.025 0.0171875
0 0.13125 0.409375 0.03203125 0.0234375
0 0.0703125 0.5015625 0.02109375 0.021875
0 0.14765625 0.4765625 0.021875 0.03828125
0 0.20234375 0.4390625 0.025 0.0171875
0 0.39609375 0.903125 0.01328125 0.03046875
0 0.240625 0.3234375 0.01875 0.0296875
0 0.9109375 0.57421875 0.021875 0.03515625
0 0.965625 0.78203125 0.0203125 0.03671875
0 0.4359375 0.55 0.01875 0.01875
0 0.715625 0.55390625 0.05625 0.046875
0 0.08828125 0.07734375 0.0296875 0.0296875
0 0.36875 0.01171875 0.03359375 0.02109375
0 0.6109375 0.04609375 0.01328125 0.021875