0 0.3703125 0.59921875 0.0296875 0.034375
0 0.48671875 0.6578125 0.0375 0.0828125
0 0.5828125 0.540625 0.04375 0.0375
0 0.7890625 0.76015625 0.0453125 0.028125
0 0.8796875 0.33125 0.025 0.0375
0 0.6 0.29609375 0.021875 0.028125
0 0.29453125 0.7640625 0.084375 0.05625
0 0.37578125 0.78671875 0.028125 0.028125
0 0.14453125 0.39140625 0.0125 0.0375
0 0.26640625 0.403125 0.03125 0.034375
0 0.10078125 0.32890625 0.034375 0.0296875
0 0.01875 0.17734375 0.028125 0.034375
0 0.1171875 0.22109375 0.025 0.0171875
0 0.13125 0.590625 0.03125 0.0234375
0 0.0703125 0.4984375 0.021875 0.021875
0 0.14765625 0.5234375 0.021875 0.0375
0 0.20234375 0.5609375 0.025 0.0171875
0 0.39609375 0.096875 0.0125 0.03125
0 0.240625 0.6765625 0.01875 0.0296875
0 0.9109375 0.42578125 0.021875 0.034375
0 0.965625 0.21796875 0.0203125 0.0375
0 0.4359375 0.45 0.01875 0.01875
0 0.715625 0.44609375 0.05625 0.046875
0 0.08828125 0.92265625 0.0296875 0.0296875
0 0.36875 0.98828125 0.034375 0.021875
0 0.6109375 0.95390625 0.0125 0.021875