0 0.19609375 0.1203125 0.0359375 0.0609375
0 0.153125 0.26328125 0.0421875 0.03125
0 0.2921875 0.65625 0.0390625 0.05625
0 0.2078125 0.56875 0.0546875 0.0421875
0 0.56796875 0.56875 0.0578125 0.0328125
0 0.63515625 0.64765625 0.034375 0.065625
0 0.40078125 0.48515625 0.046875 0.0265625
0 0.08828125 0.29296875 0.0203125 0.015625
0 0.1609375 0.34453125 0.0265625 0.0390625
0 0.2796875 0.178125 0.0640625 0.034375
0 0.18984375 0.8046875 0.0359375 0.0265625
0 0.8015625 0.08203125 0.0390625 0.0328125
0 0.56171875 0.02421875 0.0109375 0.0203125
0 0.415625 0.16640625 0.01875 0.0328125
0 0.4328125 0.71796875 0.0359375 0.0296875
0 0.63828125 0.44140625 0.0484375 0.0390625
0 0.70859375 0.2796875 0.0375 0.0453125
0 0.70234375 0.35546875 0.0296875 0.028125
0 0.48046875 0.89453125 0.0359375 0.040625
0 0.8609375 0.88203125 0.0484375 0.0234375
0 0.7625 0.53515625 0.0453125 0.0140625