0 0.1828125 0.86875 0.03359375 0.059375
0 0.1453125 0.72421875 0.04140625 0.0296875
0 0.29765625 0.33671875 0.03671875 0.05546875
0 0.21015625 0.42109375 0.05390625 0.03984375
0 0.5703125 0.43359375 0.05703125 0.03125
0 0.63984375 0.35703125 0.03203125 0.0640625
0 0.4 0.51171875 0.0453125 0.025
0 0.08125 0.6921875 0.01953125 0.01484375
0 0.15546875 0.64375 0.02578125 0.0375
0 0.26875 0.8140625 0.06328125 0.0328125
0 0.20078125 0.184375 0.034375 0.02578125
0 0.78671875 0.928125 0.03828125 0.03203125
0 0.5453125 0.97734375 0.0109375 0.01953125
0 0.40390625 0.83046875 0.01796875 0.0328125
0 0.440625 0.2796875 0.03515625 0.028125
0 0.6359375 0.56328125 0.046875 0.0375
0 0.70078125 0.72734375 0.03671875 0.04453125
0 0.696875 0.6515625 0.02890625 0.0265625
0 0.49453125 0.1046875 0.034375 0.0390625
0 0.87421875 0.13046875 0.0484375 0.02109375
0 0.76328125 0.47421875 0.0453125 0.0125