0 0.73359375 0.9265625 0.0453125 0.065625
0 0.8 0.79296875 0.046875 0.0375
0 0.73203125 0.38203125 0.046875 0.0625
0 0.8 0.4828125 0.0609375 0.05
0 0.4453125 0.4203125 0.0625 0.0421875
0 0.39296875 0.33125 0.0453125 0.06875
0 0.5953125 0.53203125 0.05 0.034375
0 0.86953125 0.775 0.021875 0.01875
0 0.80703125 0.7125 0.0328125 0.0421875
0 0.6609375 0.85546875 0.06875 0.0453125
0 0.85859375 0.253125 0.0390625 0.0328125
0 0.13046875 0.859375 0.04375 0.0390625
0 0.35625 0.9578125 0.0140625 0.021875
0 0.525 0.84296875 0.025 0.0359375
0 0.60390625 0.296875 0.040625 0.034375
0 0.35390625 0.53359375 0.053125 0.046875
0 0.25625 0.68046875 0.0453125 0.0515625
0 0.27578125 0.60703125 0.034375 0.03125
0 0.5875 0.11484375 0.0421875 0.0453125
0 0.2109375 0.0609375 0.0515625 0.03125
0 0.24765625 0.4203125 0.046875 0.021875