0 0.0671875 0.35546875 0.015625 0.0296875
0 0.13828125 0.4109375 0.06875 0.0546875
0 0.1875 0.3 0.03125 0.0296875
0 0.57578125 0.2203125 0.0375 0.04375
0 0.5609375 0.30546875 0.03125 0.0375
0 0.63515625 0.1734375 0.046875 0.0375
0 0.3921875 0.89140625 0.0453125 0.0359375
0 0.48359375 0.35 0.0296875 0.04375
0 0.2 0.3703125 0.0359375 0.034375
0 0.26953125 0.8 0.021875 0.028125
0 0.47421875 0.69765625 0.028125 0.025
0 0.28203125 0.99765625 0.0328125 0.0046875
0 0.04296875 0.72734375 0.0296875 0.03125
0 0.1125 0.1765625 0.0234375 0.0359375
0 0.62578125 0.9171875 0.009375 0.025
0 0.76796875 0.76171875 0.025 0.040625
0 0.0953125 0.8328125 0.03125 0.0390625