0 0.075 0.6671875 0.01484375 0.02890625
0 0.14375 0.6078125 0.06640625 0.0515625
0 0.1984375 0.71640625 0.0296875 0.02890625
0 0.590625 0.775 0.03515625 0.0421875
0 0.57109375 0.69140625 0.02890625 0.03671875
0 0.65234375 0.81875 0.04453125 0.0359375
0 0.371875 0.11484375 0.04375 0.034375
0 0.49140625 0.65078125 0.02734375 0.0421875
0 0.20703125 0.6453125 0.034375 0.03203125
0 0.25390625 0.2125 0.02109375 0.02734375
0 0.4640625 0.30390625 0.0265625 0.0234375
0 0.25703125 0.0078125 0.03203125 0.015625
0 0.03203125 0.296875 0.028125 0.03046875
0 0.1296875 0.84296875 0.021875 0.034375
0 0.60390625 0.0765625 0.0078125 0.02421875
0 0.75390625 0.225 0.0234375 0.0390625
0 0.078125 0.1890625 0.0296875 0.0375