0 0.0484375 0.4328125 0.0203125 0.03125
0 0.12890625 0.475 0.0765625 0.065625
0 0.1578125 0.35703125 0.0359375 0.034375
0 0.5265625 0.21171875 0.04375 0.0484375
0 0.5265625 0.29765625 0.0359375 0.0421875
0 0.5765625 0.15546875 0.0515625 0.0453125
0 0.46171875 0.90390625 0.05 0.04375
0 0.4578125 0.3546875 0.0359375 0.046875
0 0.18203125 0.42421875 0.040625 0.0390625
0 0.325 0.83515625 0.0265625 0.03125
0 0.509375 0.69921875 0.03125 0.028125
0 0.08984375 0.803125 0.034375 0.0359375
0 0.06171875 0.24921875 0.0296875 0.0390625
0 0.696875 0.8890625 0.0125 0.025
0 0.809375 0.7109375 0.03125 0.04375
0 0.15859375 0.89765625 0.0375 0.04375