0 0.59765625 0.56875 0.0390625 0.05625
0 0.65234375 0.5796875 0.0375 0.034375
0 0.2921875 0.52265625 0.0421875 0.0578125
0 0.45234375 0.984375 0.028125 0.028125
0 0.2578125 0.121875 0.04375 0.0375
0 0.9046875 0.33046875 0.0375 0.0515625
0 0.66953125 0.771875 0.0390625 0.0375
0 0.5609375 0.79921875 0.0296875 0.0265625
0 0.73984375 0.8640625 0.0421875 0.0390625
0 0.0984375 0.61484375 0.0375 0.0546875
0 0.12265625 0.73828125 0.0265625 0.0375
0 0.30078125 0.77421875 0.0484375 0.025
0 0.52578125 0.9765625 0.0375 0.0328125
0 0.753125 0.57265625 0.0328125 0.0296875
0 0.340625 0.28515625 0.0375 0.0265625
0 0.0453125 0.16484375 0.0390625 0.04375
0 0.16171875 0.159375 0.0328125 0.0375
0 0.1078125 0.35078125 0.034375 0.040625
0 0.41953125 0.6578125 0.025 0.05
0 0.35234375 0.40625 0.025 0.021875
0 0.44765625 0.4703125 0.0234375 0.0296875
0 0.17890625 0.02421875 0.0234375 0.034375
0 0.18203125 0.65703125 0.053125 0.0234375
0 0.72734375 0.68359375 0.0375 0.0296875
0 0.44140625 0.26171875 0.0203125 0.0234375
0 0.35546875 0.52578125 0.0234375 0.0265625