0 0.603125 0.43984375 0.034375 0.053125
0 0.65859375 0.43359375 0.034375 0.03125
0 0.2953125 0.459375 0.0375 0.05546875
0 0.49453125 0.01328125 0.0265625 0.02578125
0 0.22578125 0.85546875 0.040625 0.03359375
0 0.88828125 0.70390625 0.0328125 0.04921875
0 0.69296875 0.24375 0.03671875 0.03515625
0 0.58671875 0.20703125 0.02734375 0.025
0 0.7703125 0.1578125 0.03984375 0.0359375
0 0.11015625 0.35078125 0.03359375 0.0515625
0 0.14453125 0.2296875 0.02421875 0.0359375
0 0.32578125 0.209375 0.046875 0.0203125
0 0.5671875 0.02734375 0.03515625 0.0296875
0 0.75859375 0.45 0.03046875 0.02734375
0 0.32265625 0.7 0.03515625 0.02421875
0 0.01796875 0.79453125 0.03515625 0.04140625
0 0.13359375 0.81015625 0.0296875 0.034375
0 0.09609375 0.6140625 0.03046875 0.03828125
0 0.43359375 0.3359375 0.0203125 0.04765625
0 0.34453125 0.58046875 0.02265625 0.01953125
0 0.4453125 0.525 0.021875 0.02734375
0 0.13828125 0.94609375 0.0203125 0.0328125
0 0.196875 0.315625 0.05234375 0.01953125
0 0.7421875 0.33671875 0.03515625 0.0265625
0 0.42109375 0.73203125 0.01796875 0.021875
0 0.35859375 0.46171875 0.021875 0.025