0 0.396875 0.43984375 0.034375 0.053125
0 0.34140625 0.43359375 0.034375 0.03125
0 0.7046875 0.459375 0.0375 0.05625
0 0.50546875 0.01328125 0.0265625 0.025
0 0.77421875 0.85546875 0.040625 0.034375
0 0.11171875 0.70390625 0.0328125 0.05
0 0.30703125 0.24375 0.0375 0.034375
0 0.41328125 0.20703125 0.028125 0.025
0 0.2296875 0.1578125 0.040625 0.0359375
0 0.88984375 0.35078125 0.034375 0.0515625
0 0.85546875 0.2296875 0.025 0.0359375
0 0.67421875 0.209375 0.046875 0.0203125
0 0.4328125 0.02734375 0.034375 0.0296875
0 0.24140625 0.45 0.03125 0.028125
0 0.67734375 0.7 0.034375 0.025
0 0.98203125 0.79453125 0.034375 0.040625
0 0.86640625 0.81015625 0.0296875 0.034375
0 0.90390625 0.6140625 0.03125 0.0375
0 0.56640625 0.3359375 0.0203125 0.046875
0 0.65546875 0.58046875 0.021875 0.01875
0 0.5546875 0.525 0.021875 0.028125
0 0.86171875 0.94609375 0.0203125 0.0328125
0 0.803125 0.315625 0.053125 0.01875
0 0.2578125 0.33671875 0.034375 0.0265625
0 0.57890625 0.73203125 0.01875 0.021875
0 0.64140625 0.46171875 0.021875 0.025