0 0.50625 0.1921875 0.040625 0.05625
0 0.75703125 0.23203125 0.046875 0.0375
0 0.621875 0.3171875 0.0453125 0.053125
0 0.7703125 0.3671875 0.0328125 0.0515625
0 0.93828125 0.43359375 0.028125 0.0375
0 0.34453125 0.36796875 0.0421875 0.0453125
0 0.14609375 0.39453125 0.0375 0.0359375
0 0.8046875 0.4890625 0.03125 0.0375
0 0.48828125 0.46640625 0.0453125 0.065625
0 0.9765625 0.52890625 0.0328125 0.0421875
0 0.590625 0.52421875 0.0359375 0.0359375
0 0.3546875 0.496875 0.04375 0.0390625
0 0.75078125 0.58359375 0.0421875 0.0390625
0 0.7578125 0.81171875 0.0375 0.0515625
0 0.521875 0.8046875 0.0453125 0.040625
0 0.26484375 0.89140625 0.0453125 0.0625
0 0.89921875 0.9859375 0.0359375 0.028125