0 0.3953125 0.21015625 0.046875 0.059375
0 0.64375 0.15703125 0.05 0.0421875
0 0.5484375 0.2859375 0.05 0.05625
0 0.7046875 0.27890625 0.0375 0.053125
0 0.88515625 0.28046875 0.03125 0.0390625
0 0.3078125 0.43203125 0.046875 0.0484375
0 0.13203125 0.528125 0.040625 0.0390625
0 0.78046875 0.38125 0.0359375 0.0390625
0 0.47734375 0.47265625 0.0515625 0.06875
0 0.95546875 0.35625 0.0375 0.0453125
0 0.59375 0.490625 0.0390625 0.0390625
0 0.36328125 0.54921875 0.046875 0.04375
0 0.7640625 0.48828125 0.0453125 0.04375
0 0.85234375 0.6984375 0.0421875 0.0546875
0 0.6296875 0.7765625 0.0484375 0.04375
0 0.4203125 0.95 0.0515625 0.065625
0 0.86015625 0.91328125 0.046875 0.0296875
0 0.9953125 0.87265625 0.009375 0.0328125