0 0.53125 0.19375 0.03515625 0.05234375
0 0.27734375 0.20234375 0.04296875 0.03203125
0 0.4015625 0.30390625 0.0390625 0.0484375
0 0.24765625 0.33515625 0.0265625 0.0484375
0 0.0734375 0.38046875 0.0234375 0.03515625
0 0.6703125 0.3875 0.0375 0.040625
0 0.8640625 0.43828125 0.03359375 0.03203125
0 0.19921875 0.45234375 0.028125 0.03359375
0 0.515625 0.46796875 0.0375 0.06171875
0 0.0234375 0.4703125 0.028125 0.0390625
0 0.40703125 0.51328125 0.03203125 0.03203125
0 0.64453125 0.51484375 0.0390625 0.03515625
0 0.240625 0.55234375 0.0375 0.03515625
0 0.20625 0.778125 0.03203125 0.0484375
0 0.44140625 0.8 0.040625 0.03515625
0 0.6859375 0.9171875 0.0390625 0.0578125
0 0.04296875 0.94140625 0.03203125 0.0390625
0 0.25078125 0.98828125 0.04296875 0.0203125
0 0.09375 0.98515625 0.03515625 0.02578125