0 0.240625 0.05234375 0.0421875 0.0296875
0 0.17734375 0.06796875 0.0484375 0.0359375
0 0.24609375 0.23671875 0.0328125 0.0359375
0 0.38203125 0.25703125 0.0328125 0.0359375
0 0.640625 0.2609375 0.0328125 0.03125
0 0.70234375 0.3359375 0.040625 0.0546875
0 0.11875 0.45390625 0.040625 0.0296875
0 0.44921875 0.4078125 0.053125 0.0375
0 0.62890625 0.37421875 0.0515625 0.05
0 0.2125 0.4578125 0.0359375 0.03125
0 0.12109375 0.55703125 0.028125 0.0390625
0 0.4 0.5609375 0.05625 0.06875
0 0.68203125 0.51328125 0.0484375 0.0515625
0 0.11015625 0.70859375 0.0421875 0.0390625
0 0.1546875 0.73984375 0.0328125 0.0328125
0 0.78203125 0.9265625 0.0328125 0.0359375