0 0.728125 0.03515625 0.0421875 0.0265625
0 0.7921875 0.04609375 0.046875 0.0328125
0 0.73515625 0.21953125 0.0296875 0.034375
0 0.60078125 0.24921875 0.0296875 0.034375
0 0.34296875 0.27109375 0.03125 0.0296875
0 0.28671875 0.35 0.0375 0.053125
0 0.87734375 0.42734375 0.040625 0.0265625
0 0.54375 0.4046875 0.0515625 0.0359375
0 0.3625 0.38359375 0.05 0.0484375
0 0.78359375 0.43828125 0.034375 0.0296875
0 0.88203125 0.53046875 0.025 0.0375
0 0.6046875 0.55390625 0.0515625 0.0671875
0 0.31953125 0.52578125 0.0453125 0.0484375
0 0.90390625 0.68125 0.040625 0.0359375
0 0.8609375 0.71484375 0.03125 0.03125
0 0.2484375 0.9453125 0.0296875 0.034375