0 0.33046875 0.0109375 0.0390625 0.021875
0 0.265625 0.0140625 0.04453125 0.028125
0 0.30078125 0.19296875 0.0265625 0.03203125
0 0.43046875 0.2390625 0.0265625 0.03203125
0 0.68359375 0.2921875 0.028125 0.02578125
0 0.7296875 0.37734375 0.03203125 0.05
0 0.134375 0.38203125 0.0375 0.02265625
0 0.46796875 0.4 0.04765625 0.0296875
0 0.65078125 0.4015625 0.04453125 0.04296875
0 0.22578125 0.40390625 0.03203125 0.02578125
0 0.1171875 0.48359375 0.02109375 0.03515625
0 0.38984375 0.540625 0.04453125 0.06171875
0 0.67578125 0.54765625 0.040625 0.04453125
0 0.07734375 0.63046875 0.0375 0.03203125
0 0.115625 0.66953125 0.028125 0.028125
0 0.6953125 0.97265625 0.0265625 0.03203125