0 0.6484375 0.1921875 0.0671875 0.05
0 0.5671875 0.165625 0.065625 0.0765625
0 0.79609375 0.16953125 0.071875 0.053125
0 0.73828125 0.284375 0.071875 0.0734375
0 0.6265625 0.325 0.0484375 0.053125
0 0.55546875 0.47109375 0.046875 0.08125
0 0.3296875 0.1171875 0.0625 0.0453125
0 0.21484375 0.1953125 0.06875 0.0859375
0 0.55859375 0.5546875 0.053125 0.0546875
0 0.3484375 0.80625 0.0453125 0.0515625
0 0.14375 0.678125 0.03125 0.05
0 0.090625 0.71171875 0.0484375 0.0390625
0 0.703125 0.47421875 0.0578125 0.040625
0 0.9453125 0.6671875 0.0375 0.0390625
0 0.65859375 0.571875 0.034375 0.040625
0 0.50625 0.4890625 0.046875 0.0421875
0 0.50546875 0.3640625 0.0375 0.046875
0 0.4390625 0.2234375 0.0375 0.0328125
0 0.4390625 0.1265625 0.046875 0.0390625
0 0.53984375 0.009375 0.0328125 0.01875
0 0.5078125 0.053125 0.034375 0.0375
0 0.58984375 0.80546875 0.0265625 0.0296875
0 0.78046875 0.45625 0.025 0.0453125
0 0.86015625 0.38671875 0.021875 0.028125
0 0.80859375 0.3765625 0.025 0.034375
0 0.8125 0.34375 0.0328125 0.03125
0 0.12265625 0.884375 0.0390625 0.04375
0 0.26875 0.515625 0.01875 0.0171875
0 0.33828125 0.61875 0.034375 0.0328125
0 0.453125 0.56953125 0.0296875 0.0375
0 0.425 0.47109375 0.0234375 0.0203125
0 0.43203125 0.44453125 0.046875 0.0390625
0 0.365625 0.4203125 0.028125 0.01875
0 0.23359375 0.41796875 0.0296875 0.03125
0 0.0203125 0.38671875 0.025 0.0421875
0 0.08359375 0.27421875 0.0234375 0.0203125