0 0.615625 0.178125 0.0625 0.04296875
0 0.53203125 0.16015625 0.05859375 0.07109375
0 0.76015625 0.140625 0.0671875 0.046875
0 0.71484375 0.2609375 0.065625 0.0671875
0 0.6078125 0.3125 0.04296875 0.0484375
0 0.55234375 0.465625 0.0390625 0.078125
0 0.290625 0.13671875 0.05859375 0.0390625
0 0.184375 0.2265625 0.06015625 0.0796875
0 0.5640625 0.5484375 0.04765625 0.05
0 0.38125 0.8203125 0.040625 0.046875
0 0.1640625 0.7140625 0.0265625 0.046875
0 0.11484375 0.753125 0.04453125 0.03515625
0 0.69921875 0.453125 0.0546875 0.03515625
0 0.96015625 0.61953125 0.03359375 0.03515625
0 0.66484375 0.5546875 0.03046875 0.0375
0 0.5046875 0.48828125 0.04296875 0.0375
0 0.49140625 0.3640625 0.03359375 0.04296875
0 0.41015625 0.23125 0.03515625 0.0296875
0 0.4 0.13515625 0.04296875 0.03515625
0 0.48828125 0.0078125 0.03203125 0.01484375
0 0.4609375 0.0546875 0.03046875 0.03515625
0 0.62109375 0.79453125 0.0234375 0.028125
0 0.77421875 0.42734375 0.02109375 0.04296875
0 0.84609375 0.35 0.01953125 0.02578125
0 0.79375 0.3453125 0.02109375 0.03203125
0 0.79453125 0.31171875 0.03046875 0.028125
0 0.16484375 0.921875 0.03515625 0.040625
0 0.271875 0.53984375 0.01796875 0.01484375
0 0.3515625 0.63515625 0.03203125 0.0296875
0 0.4609375 0.57421875 0.0265625 0.03515625
0 0.42265625 0.47890625 0.02109375 0.01875
0 0.4265625 0.4515625 0.04296875 0.03515625
0 0.3578125 0.43515625 0.0265625 0.01640625
0 0.2265625 0.44609375 0.0265625 0.028125
0 0.0109375 0.4375 0.02109375 0.040625
0 0.0625 0.31875 0.02109375 0.01875