0 0.4015625 0.17265625 0.0640625 0.046875
0 0.4859375 0.15859375 0.0625 0.0734375
0 0.259375 0.12734375 0.0703125 0.05
0 0.29765625 0.25 0.06875 0.0703125
0 0.40234375 0.30703125 0.0453125 0.05
0 0.44921875 0.46328125 0.04375 0.0796875
0 0.728125 0.1484375 0.0609375 0.0421875
0 0.8296875 0.24375 0.0640625 0.0828125
0 0.43359375 0.5453125 0.05 0.053125
0 0.6015625 0.82578125 0.04375 0.0484375
0 0.82421875 0.73125 0.0296875 0.0484375
0 0.87109375 0.77265625 0.046875 0.0375
0 0.303125 0.44296875 0.05625 0.0375
0 0.034375 0.5953125 0.0359375 0.0375
0 0.3328125 0.54609375 0.0328125 0.0390625
0 0.49609375 0.48828125 0.0453125 0.0390625
0 0.515625 0.36484375 0.0359375 0.0453125
0 0.60390625 0.2359375 0.0359375 0.03125
0 0.61875 0.140625 0.0453125 0.0375
0 0.5375 0.009375 0.0328125 0.0171875
0 0.5625 0.05703125 0.0328125 0.0359375
0 0.36328125 0.7875 0.025 0.0296875
0 0.2296875 0.41328125 0.0234375 0.04375
0 0.1625 0.33203125 0.0203125 0.0265625
0 0.21484375 0.33046875 0.0234375 0.0328125
0 0.215625 0.296875 0.03125 0.0296875
0 0.8125 0.9390625 0.0375 0.0421875
0 0.72578125 0.5515625 0.01875 0.015625
0 0.64140625 0.64296875 0.0328125 0.03125
0 0.53515625 0.57578125 0.028125 0.0359375
0 0.578125 0.4828125 0.021875 0.0203125
0 0.57578125 0.45546875 0.0453125 0.0375
0 0.6453125 0.44296875 0.028125 0.0171875
0 0.77578125 0.46015625 0.028125 0.0296875
0 0.98984375 0.46328125 0.0203125 0.0421875
0 0.94609375 0.3421875 0.021875 0.0203125