0 0.48125 0.009375 0.03203125 0.01875
0 0.6609375 0.06875 0.03515625 0.04453125
0 0.7125 0.1109375 0.04609375 0.0390625
0 0.390625 0.134375 0.03515625 0.06328125
0 0.303125 0.20390625 0.040625 0.0390625
0 0.4875 0.24375 0.0515625 0.040625
0 0.1375 0.36875 0.0265625 0.040625
0 0.07265625 0.40390625 0.0390625 0.0375
0 0.18125 0.42890625 0.03515625 0.0390625
0 0.64453125 0.46796875 0.0390625 0.046875
0 0.10859375 0.4953125 0.025 0.040625
0 0.2359375 0.515625 0.05703125 0.05625
0 0.090625 0.56328125 0.05 0.0578125
0 0.290625 0.665625 0.03046875 0.0390625
0 0.775 0.6890625 0.040625 0.040625
0 0.72109375 0.709375 0.0390625 0.03359375
0 0.24609375 0.721875 0.0234375 0.0390625
0 0.6796875 0.78984375 0.0265625 0.0375
0 0.765625 0.86953125 0.03203125 0.0296875