0 0.54140625 0.9890625 0.034375 0.021875
0 0.7125 0.90859375 0.040625 0.0484375
0 0.75859375 0.86015625 0.05 0.04375
0 0.4359375 0.8765625 0.0421875 0.0671875
0 0.340625 0.81796875 0.0453125 0.04375
0 0.51875 0.75625 0.05625 0.046875
0 0.15625 0.67421875 0.03125 0.04375
0 0.0875 0.64765625 0.04375 0.0421875
0 0.1921875 0.609375 0.0390625 0.04375
0 0.64765625 0.5140625 0.04375 0.0515625
0 0.11171875 0.55234375 0.0296875 0.04375
0 0.2359375 0.51640625 0.0640625 0.0625
0 0.0859375 0.48671875 0.05625 0.0640625
0 0.271875 0.3609375 0.034375 0.0421875
0 0.75 0.27890625 0.0453125 0.0453125
0 0.69375 0.265625 0.0421875 0.0375
0 0.22109375 0.3109375 0.028125 0.0421875
0 0.64296875 0.190625 0.03125 0.040625
0 0.71875 0.10078125 0.0359375 0.0328125