0 0.49765625 0.98984375 0.0328125 0.0203125
0 0.67578125 0.925 0.0359375 0.0453125
0 0.72578125 0.88125 0.046875 0.040625
0 0.403125 0.86953125 0.0375 0.0640625
0 0.31328125 0.803125 0.0421875 0.040625
0 0.49609375 0.75625 0.053125 0.0421875
0 0.1421875 0.64375 0.028125 0.0421875
0 0.0765625 0.6109375 0.040625 0.0390625
0 0.18359375 0.58203125 0.0359375 0.040625
0 0.6453125 0.52734375 0.040625 0.0484375
0 0.109375 0.51796875 0.0265625 0.0421875
0 0.2359375 0.49375 0.059375 0.0578125
0 0.08828125 0.45078125 0.0515625 0.059375
0 0.28515625 0.34140625 0.03125 0.040625
0 0.76796875 0.3015625 0.0421875 0.0421875
0 0.71328125 0.2828125 0.040625 0.034375
0 0.23828125 0.2875 0.025 0.040625
0 0.66953125 0.20390625 0.028125 0.0390625
0 0.75234375 0.12109375 0.0328125 0.03125