0 0.9 0.775 0.059375 0.0578125
0 0.365625 0.8125 0.0703125 0.0796875
0 0.92734375 0.70703125 0.053125 0.0625
0 0.91171875 0.52890625 0.03125 0.04375
0 0.95625 0.496875 0.0328125 0.034375
0 0.90078125 0.48984375 0.0390625 0.0484375
0 0.83046875 0.4875 0.04375 0.0578125
0 0.28125 0.54765625 0.0453125 0.05625
0 0.32578125 0.44296875 0.0375 0.0453125
0 0.1453125 0.46796875 0.0890625 0.0640625
0 0.68359375 0.36796875 0.034375 0.046875
0 0.871875 0.2671875 0.04375 0.04375
0 0.31015625 0.34765625 0.040625 0.0515625
0 0.646875 0.28671875 0.040625 0.0546875
0 0.290625 0.2921875 0.05 0.040625
0 0.8921875 0.07578125 0.0578125 0.06875
0 0.71953125 0.021875 0.0625 0.04375