0 0.90703125 0.0328125 0.0453125 0.065625
0 0.78203125 0.1046875 0.059375 0.0578125
0 0.26640625 0.25234375 0.0703125 0.0796875
0 0.83125 0.159375 0.053125 0.0625
0 0.87734375 0.33203125 0.03125 0.04375
0 0.9296875 0.346875 0.0328125 0.034375
0 0.88046875 0.37265625 0.0390625 0.0484375
0 0.81484375 0.3984375 0.04375 0.0578125
0 0.278125 0.5296875 0.0453125 0.05625
0 0.35546875 0.61328125 0.0375 0.0453125
0 0.17734375 0.6515625 0.0890625 0.0640625
0 0.71796875 0.56171875 0.034375 0.046875
0 0.9296875 0.59140625 0.04375 0.04375
0 0.37421875 0.7078125 0.040625 0.0515625
0 0.7109375 0.65 0.040625 0.0546875
0 0.37421875 0.7671875 0.05 0.040625
0 0.9921875 0.7640625 0.015625 0.06875
0 0.86953125 0.87421875 0.0625 0.04375