0 0.01796875 0.11015625 0.03515625 0.06328125
0 0.15390625 0.159375 0.0515625 0.05
0 0.68671875 0.215625 0.05859375 0.07109375
0 0.11484375 0.221875 0.04453125 0.05625
0 0.09921875 0.4 0.025 0.040625
0 0.05 0.42421875 0.028125 0.0296875
0 0.103125 0.440625 0.03203125 0.04296875
0 0.17265625 0.4546875 0.03515625 0.05234375
0 0.7234375 0.490625 0.0375 0.05
0 0.66171875 0.58671875 0.03046875 0.040625
0 0.84375 0.59296875 0.08203125 0.05
0 0.29609375 0.5984375 0.0265625 0.04296875
0 0.09296875 0.66484375 0.0375 0.0375
0 0.66015625 0.6828125 0.03359375 0.046875
0 0.31796875 0.684375 0.03203125 0.05
0 0.6703125 0.74140625 0.04453125 0.03359375
0 0.03984375 0.85 0.04765625 0.06171875
0 0.20078125 0.9328125 0.05703125 0.03359375