0 0.43125 0.03984375 0.0609375 0.075
0 0.575 0.04453125 0.0578125 0.059375
0 0.74765625 0.15703125 0.0640625 0.059375
0 0.34375 0.21015625 0.065625 0.0625
0 0.4296875 0.240625 0.05 0.05625
0 0.26171875 0.28125 0.08125 0.0765625
0 0.6484375 0.27421875 0.0625 0.065625
0 0.41484375 0.3296875 0.0578125 0.0640625
0 0.51875 0.32734375 0.0703125 0.075
0 0.30703125 0.40390625 0.0640625 0.0484375
0 0.01015625 0.48125 0.0203125 0.065625
0 0.55 0.428125 0.0453125 0.05625
0 0.16796875 0.4875 0.05 0.0625
0 0.68984375 0.45703125 0.059375 0.0703125
0 0.57734375 0.52578125 0.0390625 0.05
0 0.825 0.5296875 0.0875 0.065625
0 0.121875 0.6171875 0.0515625 0.0640625
0 0.31484375 0.60625 0.0640625 0.0640625
0 0.5796875 0.65078125 0.059375 0.0671875
0 0.7953125 0.6390625 0.046875 0.0671875
0 0.68203125 0.7421875 0.065625 0.0578125
0 0.36953125 0.80859375 0.05625 0.0828125
0 0.25234375 0.86328125 0.05 0.0578125
0 0.67890625 0.91015625 0.0609375 0.0703125