0 0.4796875 0.03515625 0.053125 0.0703125
0 0.621875 0.0546875 0.053125 0.05390625
0 0.78203125 0.18515625 0.05859375 0.05390625
0 0.375 0.1953125 0.06015625 0.05625
0 0.45703125 0.234375 0.04453125 0.05234375
0 0.2859375 0.2578125 0.07421875 0.06875
0 0.67109375 0.290625 0.05703125 0.059375
0 0.4328125 0.321875 0.0515625 0.059375
0 0.53671875 0.33046875 0.0640625 0.06875
0 0.31796875 0.384375 0.06015625 0.04296875
0 0.0109375 0.43046875 0.02109375 0.06328125
0 0.55703125 0.43359375 0.040625 0.05234375
0 0.17109375 0.453125 0.04453125 0.0578125
0 0.69296875 0.47734375 0.053125 0.06484375
0 0.57421875 0.53359375 0.03359375 0.046875
0 0.8203125 0.56328125 0.08203125 0.0578125
0 0.11171875 0.57734375 0.04609375 0.059375
0 0.3046875 0.5859375 0.05859375 0.0578125
0 0.56328125 0.65859375 0.053125 0.06171875
0 0.77890625 0.66875 0.040625 0.06328125
0 0.65546875 0.76015625 0.06015625 0.05234375
0 0.33828125 0.79296875 0.04765625 0.078125
0 0.215625 0.83515625 0.04453125 0.05390625
0 0.63515625 0.9265625 0.0546875 0.06484375