0 0.4796875 0.96484375 0.053125 0.0703125
0 0.621875 0.9453125 0.053125 0.053125
0 0.78203125 0.81484375 0.059375 0.053125
0 0.375 0.8046875 0.059375 0.05625
0 0.45703125 0.765625 0.04375 0.053125
0 0.2859375 0.7421875 0.075 0.06875
0 0.67109375 0.709375 0.05625 0.059375
0 0.4328125 0.678125 0.0515625 0.059375
0 0.53671875 0.66953125 0.0640625 0.06875
0 0.31796875 0.615625 0.059375 0.04375
0 0.0109375 0.56953125 0.021875 0.0625
0 0.55703125 0.56640625 0.040625 0.053125
0 0.17109375 0.546875 0.04375 0.0578125
0 0.69296875 0.52265625 0.053125 0.065625
0 0.57421875 0.46640625 0.034375 0.046875
0 0.8203125 0.43671875 0.08125 0.0578125
0 0.11171875 0.42265625 0.046875 0.059375
0 0.3046875 0.4140625 0.059375 0.0578125
0 0.56328125 0.34140625 0.053125 0.0625
0 0.77890625 0.33125 0.040625 0.0625
0 0.65546875 0.23984375 0.059375 0.053125
0 0.33828125 0.20703125 0.046875 0.078125
0 0.215625 0.16484375 0.04375 0.053125
0 0.63515625 0.0734375 0.0546875 0.065625