0 0.22265625 0.0078125 0.0546875 0.01484375
0 0.315625 0.00625 0.05625 0.0125
0 0.4375 0.02421875 0.05859375 0.0484375
0 0.6015625 0.046875 0.03046875 0.040625
0 0.36796875 0.06328125 0.025 0.0375
0 0.26484375 0.09296875 0.04296875 0.0375
0 0.74140625 0.1328125 0.04453125 0.03515625
0 0.2484375 0.159375 0.0390625 0.02421875
0 0.41015625 0.19921875 0.04296875 0.0375
0 0.35234375 0.21015625 0.03359375 0.05234375
0 0.43515625 0.275 0.0640625 0.0578125
0 0.34375 0.2875 0.0515625 0.05390625
0 0.3953125 0.296875 0.0375 0.028125
0 0.51015625 0.32421875 0.04609375 0.05234375
0 0.3546875 0.33359375 0.0375 0.03359375
0 0.8453125 0.34296875 0.05 0.0375
0 0.2640625 0.4078125 0.03046875 0.03359375
0 0.3328125 0.4140625 0.04453125 0.0390625
0 0.14453125 0.45234375 0.03359375 0.03359375
0 0.821875 0.471875 0.04765625 0.06171875
0 0.23125 0.48125 0.03515625 0.04296875
0 0.59296875 0.4890625 0.04296875 0.0578125
0 0.69765625 0.51875 0.0390625 0.04296875
0 0.35625 0.5953125 0.065625 0.0578125
0 0.8203125 0.61015625 0.07109375 0.06875
0 0.3375 0.73828125 0.053125 0.07265625
0 0.12109375 0.79296875 0.04609375 0.040625
0 0.3703125 0.81015625 0.05859375 0.059375
0 0.20703125 0.98359375 0.03359375 0.0296875
0 0.46796875 0.99140625 0.04765625 0.01328125