0 0.13359375 0.06953125 0.05625 0.025
0 0.225 0.05078125 0.0578125 0.0234375
0 0.34765625 0.04453125 0.0671875 0.059375
0 0.51328125 0.0359375 0.0375 0.0453125
0 0.28671875 0.096875 0.03125 0.0421875
0 0.19140625 0.1453125 0.05 0.0453125
0 0.6671875 0.09375 0.05 0.04375
0 0.18828125 0.21328125 0.0421875 0.03125
0 0.3546875 0.221875 0.05 0.0453125
0 0.3 0.24375 0.0421875 0.0578125
0 0.39375 0.29140625 0.0734375 0.06875
0 0.30625 0.32109375 0.0609375 0.0625
0 0.35859375 0.3203125 0.0421875 0.034375
0 0.4765625 0.32578125 0.0546875 0.0609375
0 0.32578125 0.3640625 0.04375 0.040625
0 0.809375 0.2796875 0.05625 0.046875
0 0.25078125 0.4546875 0.0359375 0.0390625
0 0.31953125 0.44765625 0.0515625 0.046875
0 0.1421875 0.52109375 0.0390625 0.0390625
0 0.8109375 0.4109375 0.0578125 0.0703125
0 0.2328125 0.5328125 0.0421875 0.0484375
0 0.5890625 0.471875 0.053125 0.065625
0 0.69765625 0.48046875 0.046875 0.05
0 0.37734375 0.62109375 0.075 0.06875
0 0.83515625 0.546875 0.0828125 0.08125
0 0.3859375 0.76484375 0.065625 0.08125
0 0.18359375 0.86015625 0.053125 0.0484375
0 0.43203125 0.82890625 0.06875 0.06875
0 0.5625 0.98828125 0.05 0.021875