0 0.51171875 0.97578125 0.0640625 0.0484375
0 0.3515625 0.93984375 0.034375 0.04375
0 0.5859375 0.9484375 0.028125 0.040625
0 0.69140625 0.9296875 0.046875 0.0421875
0 0.221875 0.83984375 0.0484375 0.0390625
0 0.71484375 0.86484375 0.040625 0.028125
0 0.5578125 0.80859375 0.046875 0.0421875
0 0.61640625 0.80390625 0.0390625 0.05625
0 0.540625 0.73046875 0.0703125 0.0640625
0 0.6328125 0.72734375 0.05625 0.059375
0 0.5828125 0.71328125 0.040625 0.03125
0 0.471875 0.6734375 0.0515625 0.05625
0 0.62734375 0.68046875 0.040625 0.0375
0 0.13984375 0.6203125 0.053125 0.0421875
0 0.725 0.61640625 0.034375 0.0359375
0 0.65703125 0.603125 0.0484375 0.04375
0 0.8484375 0.584375 0.0375 0.0375
0 0.1765625 0.49453125 0.053125 0.065625
0 0.765625 0.546875 0.0390625 0.046875
0 0.40625 0.50078125 0.0484375 0.0625
0 0.30546875 0.4609375 0.04375 0.046875
0 0.653125 0.4203125 0.071875 0.0640625
0 0.19296875 0.35703125 0.078125 0.0765625
0 0.68671875 0.2796875 0.0609375 0.078125
0 0.9078125 0.2484375 0.05 0.0453125
0 0.66171875 0.20546875 0.0640625 0.065625
0 0.8421875 0.05 0.0359375 0.0328125
0 0.58359375 0.01484375 0.0484375 0.01875