0 0.5859375 0.9953125 0.0375 0.009375
0 0.640625 0.99375 0.040625 0.0125
0 0.4484375 0.95546875 0.05625 0.0609375
0 0.559375 0.9734375 0.028125 0.0359375
0 0.309375 0.89375 0.040625 0.0453125
0 0.546875 0.84765625 0.0671875 0.065625
0 0.21328125 0.778125 0.0625 0.075
0 0.4578125 0.80859375 0.053125 0.0546875
0 0.5734375 0.79375 0.05 0.0546875
0 0.61640625 0.78828125 0.0359375 0.034375
0 0.15 0.6953125 0.0515625 0.053125
0 0.25234375 0.63515625 0.0609375 0.046875
0 0.66015625 0.7 0.0484375 0.05625
0 0.4515625 0.64765625 0.05 0.0515625
0 0.35234375 0.5953125 0.040625 0.0453125
0 0.57421875 0.615625 0.03125 0.0390625
0 0.67734375 0.58125 0.04375 0.0359375
0 0.71484375 0.54765625 0.028125 0.0453125
0 0.478125 0.39609375 0.040625 0.059375
0 0.8 0.440625 0.059375 0.0671875
0 0.69765625 0.4203125 0.0578125 0.0890625
0 0.8421875 0.41796875 0.0359375 0.0546875
0 0.3671875 0.32734375 0.0421875 0.0515625
0 0.625 0.3515625 0.0453125 0.0390625
0 0.71953125 0.32734375 0.0515625 0.040625
0 0.29140625 0.24765625 0.0671875 0.0953125
0 0.69921875 0.278125 0.0734375 0.0640625
0 0.65390625 0.2 0.0453125 0.053125
0 0.325 0.09765625 0.0609375 0.075