0 0.2453125 0.01171875 0.040625 0.0234375
0 0.32734375 0.01484375 0.03359375 0.0296875
0 0.271875 0.02109375 0.034375 0.0421875
0 0.471875 0.0421875 0.04765625 0.05390625
0 0.359375 0.04375 0.0234375 0.03203125
0 0.61953125 0.07890625 0.03515625 0.0390625
0 0.39375 0.165625 0.05859375 0.05625
0 0.734375 0.1765625 0.0515625 0.0671875
0 0.48828125 0.1890625 0.04609375 0.046875
0 0.3765625 0.2234375 0.04296875 0.0484375
0 0.33515625 0.23671875 0.03046875 0.0296875
0 0.8109375 0.246875 0.04453125 0.046875
0 0.7203125 0.32421875 0.0546875 0.0375
0 0.3078125 0.33046875 0.040625 0.05
0 0.521875 0.34609375 0.04296875 0.04453125
0 0.62890625 0.38046875 0.03515625 0.0390625
0 0.40703125 0.39921875 0.025 0.03515625
0 0.3109375 0.45078125 0.0390625 0.0296875
0 0.28046875 0.490625 0.02109375 0.04296875
0 0.53984375 0.5984375 0.03203125 0.05390625
0 0.21484375 0.6109375 0.05 0.059375
0 0.31875 0.6125 0.04453125 0.08203125
0 0.17734375 0.63984375 0.028125 0.05
0 0.6609375 0.646875 0.03515625 0.046875
0 0.40234375 0.66796875 0.040625 0.03203125
0 0.3140625 0.7078125 0.04609375 0.03359375
0 0.74921875 0.7125 0.053125 0.0875
0 0.3421875 0.753125 0.065625 0.05390625
0 0.0140625 0.81171875 0.028125 0.040625
0 0.40078125 0.821875 0.0375 0.046875
0 0.7421875 0.865625 0.05 0.0671875