0 0.20390625 0.9640625 0.0421875 0.0265625
0 0.2859375 0.96796875 0.0359375 0.0328125
0 0.23125 0.95703125 0.0375 0.0453125
0 0.43203125 0.95390625 0.0515625 0.0578125
0 0.3203125 0.9421875 0.0265625 0.034375
0 0.58203125 0.9296875 0.0390625 0.0421875
0 0.36484375 0.82421875 0.0625 0.0609375
0 0.70546875 0.84296875 0.0578125 0.071875
0 0.4609375 0.80859375 0.05 0.05
0 0.353125 0.76484375 0.046875 0.0515625
0 0.3125 0.74765625 0.0328125 0.0328125
0 0.7875 0.77890625 0.0484375 0.05
0 0.70390625 0.69453125 0.0578125 0.0421875
0 0.29375 0.65234375 0.0453125 0.053125
0 0.50859375 0.65546875 0.046875 0.0484375
0 0.61796875 0.63046875 0.0390625 0.0421875
0 0.3984375 0.5921875 0.028125 0.0375
0 0.30703125 0.5328125 0.0421875 0.0328125
0 0.28046875 0.48984375 0.025 0.0453125
0 0.5484375 0.40546875 0.0359375 0.05625
0 0.22578125 0.36484375 0.0546875 0.0640625
0 0.32890625 0.371875 0.0515625 0.0859375
0 0.190625 0.3328125 0.0328125 0.0515625
0 0.6734375 0.36796875 0.0390625 0.05
0 0.4171875 0.32421875 0.04375 0.0359375
0 0.3328125 0.2765625 0.0484375 0.0375
0 0.76640625 0.31015625 0.0609375 0.0921875
0 0.36484375 0.234375 0.0703125 0.059375
0 0.04296875 0.146875 0.03125 0.0421875
0 0.42890625 0.1703125 0.0421875 0.05
0 0.7734375 0.15703125 0.05625 0.071875