0 0.76875 0.4 0.084375 0.0625
0 0.54140625 0.27578125 0.059375 0.059375
0 0.96953125 0.16953125 0.0609375 0.0578125
0 0.8828125 0.1859375 0.053125 0.0453125
0 0.67265625 0.44375 0.05 0.0359375
0 0.54140625 0.403125 0.05 0.03125
0 0.5234375 0.0921875 0.04375 0.0421875
0 0.528125 0.65859375 0.046875 0.05
0 0.4453125 0.63828125 0.05625 0.0671875
0 0.1015625 0.315625 0.034375 0.0390625
0 0.2734375 0.28984375 0.046875 0.0609375
0 0.415625 0.1375 0.046875 0.053125
0 0.56796875 0.134375 0.046875 0.03125
0 0.57890625 0.17578125 0.0421875 0.034375
0 0.3890625 0.959375 0.0453125 0.059375
0 0.909375 0.22734375 0.0390625 0.040625
0 0.984375 0.5625 0.03125 0.05625
0 0.69375 0.68359375 0.0375 0.034375