0 0.2578125 0.65390625 0.0765625 0.046875
0 0.50625 0.728125 0.04921875 0.05078125
0 0.103125 0.92109375 0.06328125 0.0453125
0 0.190625 0.88671875 0.04609375 0.0359375
0 0.34296875 0.590625 0.04453125 0.02734375
0 0.4796875 0.603125 0.046875 0.02265625
0 0.56171875 0.90390625 0.0375 0.034375
0 0.43984375 0.35078125 0.0390625 0.0421875
0 0.525 0.353125 0.04453125 0.059375
0 0.928125 0.59765625 0.02734375 0.034375
0 0.765625 0.65859375 0.03671875 0.05390625
0 0.6578125 0.83671875 0.0390625 0.0453125
0 0.509375 0.871875 0.04296875 0.0234375
0 0.490625 0.83359375 0.03671875 0.02734375
0 0.51328125 0.02734375 0.03515625 0.05390625
0 0.15625 0.8515625 0.03203125 0.034375
0 0.01171875 0.5390625 0.0234375 0.053125
0 0.27265625 0.3609375 0.0328125 0.028125