0 0.7046875 0.70078125 0.084375 0.0625
0 0.44609375 0.721875 0.059375 0.059375
0 0.8 0.9828125 0.071875 0.034375
0 0.721875 0.94296875 0.053125 0.0453125
0 0.634375 0.62109375 0.05 0.0359375
0 0.4984375 0.60546875 0.05 0.03125
0 0.35546875 0.88203125 0.04375 0.0421875
0 0.58984375 0.36640625 0.046875 0.05
0 0.50625 0.35078125 0.05625 0.0671875
0 0.0609375 0.50625 0.034375 0.0390625
0 0.20703125 0.6 0.046875 0.0609375
0 0.27578125 0.796875 0.046875 0.053125
0 0.41328125 0.86171875 0.046875 0.03125
0 0.43984375 0.828125 0.0421875 0.034375
0 0.58515625 0.03515625 0.0453125 0.059375
0 0.76328125 0.915625 0.0390625 0.040625
0 0.96953125 0.63984375 0.034375 0.05625
0 0.7515625 0.4109375 0.0375 0.034375