0 0.18828125 0.021875 0.05 0.04375
0 0.28125 0.56875 0.046875 0.0921875
0 0.3625 0.54296875 0.0375 0.078125
0 0.56328125 0.36328125 0.0359375 0.059375
0 0.40546875 0.75078125 0.04375 0.0515625
0 0.17265625 0.2046875 0.0453125 0.03125
0 0.0828125 0.73203125 0.028125 0.04375
0 0.65234375 0.24375 0.0375 0.046875
0 0.471875 0.83984375 0.034375 0.0375
0 0.56484375 0.04375 0.03125 0.0328125
0 0.50234375 0.303125 0.01875 0.025
0 0.5203125 0.19375 0.034375 0.0515625
0 0.1671875 0.44453125 0.025 0.040625