0 0.11015625 0.32265625 0.0390625 0.0515625
0 0.090625 0.59453125 0.040625 0.046875
0 0.384375 0.5875 0.0515625 0.0703125
0 0.68203125 0.51796875 0.0203125 0.0203125
0 0.625 0.51328125 0.0328125 0.0421875
0 0.71875 0.4734375 0.0578125 0.053125
0 0.7671875 0.365625 0.0234375 0.034375
0 0.68046875 0.4 0.0171875 0.0265625
0 0.39765625 0.7796875 0.0453125 0.040625
0 0.4734375 0.6640625 0.025 0.025
0 0.5578125 0.53984375 0.009375 0.015625
0 0.8484375 0.60390625 0.0234375 0.028125
0 0.7578125 0.79375 0.0265625 0.0359375
0 0.58984375 0.8265625 0.046875 0.0375
0 0.54375 0.19921875 0.0296875 0.0296875
0 0.453125 0.0078125 0.025 0.015625
0 0.31171875 0.05859375 0.01875 0.021875
0 0.28203125 0.0828125 0.01875 0.021875
0 0.50546875 0.15078125 0.01875 0.021875
0 0.41640625 0.62734375 0.025 0.028125
0 0.37109375 0.71171875 0.0265625 0.034375
0 0.821875 0.93203125 0.05 0.04375
0 0.30078125 0.21328125 0.06875 0.0546875