0 0.83984375 0.76015625 0.034375 0.0484375
0 0.9203125 0.5 0.0359375 0.04375
0 0.63203125 0.440625 0.04375 0.065625
0 0.32734375 0.44140625 0.01875 0.01875
0 0.38125 0.45859375 0.028125 0.0390625
0 0.28046875 0.4765625 0.0515625 0.0484375
0 0.209375 0.57109375 0.0203125 0.0328125
0 0.3015625 0.55703125 0.0140625 0.025
0 0.6625 0.25 0.0421875 0.0359375
0 0.5625 0.34609375 0.0234375 0.021875
0 0.45234375 0.4484375 0.0078125 0.0140625
0 0.18359375 0.32109375 0.021875 0.025
0 0.31484375 0.15546875 0.021875 0.034375
0 0.4859375 0.1609375 0.04375 0.0328125
0 0.38984375 0.7828125 0.0265625 0.0265625
0 0.43515625 0.990625 0.0234375 0.0140625
0 0.584375 0.971875 0.0171875 0.0203125
0 0.61875 0.95546875 0.0171875 0.0203125
0 0.415625 0.8390625 0.0171875 0.0203125
0 0.61015625 0.39453125 0.021875 0.0265625
0 0.6734375 0.32265625 0.0234375 0.03125
0 0.28359375 0.01328125 0.0453125 0.0265625
0 0.62890625 0.82421875 0.0640625 0.0484375