0 0.853125 0.2578125 0.03125 0.046875
0 0.91953125 0.521875 0.034375 0.04140625
0 0.62890625 0.56640625 0.040625 0.0640625
0 0.32421875 0.54921875 0.01796875 0.0171875
0 0.37890625 0.53515625 0.0265625 0.03828125
0 0.2796875 0.51171875 0.05 0.0453125
0 0.21328125 0.4140625 0.01875 0.03125
0 0.3046875 0.4328125 0.0125 0.02421875
0 0.64921875 0.7578125 0.03984375 0.034375
0 0.5546875 0.65703125 0.021875 0.02109375
0 0.45 0.54921875 0.0078125 0.0140625
0 0.175 0.6625 0.0203125 0.02421875
0 0.296875 0.834375 0.0203125 0.03359375
0 0.46796875 0.8375 0.04140625 0.03125
0 0.4046875 0.21171875 0.025 0.02578125
0 0.4609375 0.00703125 0.02265625 0.01328125
0 0.60859375 0.0328125 0.015625 0.01875
0 0.6421875 0.0515625 0.015625 0.01875
0 0.43359375 0.15703125 0.015625 0.01953125
0 0.6046875 0.6109375 0.0203125 0.025
0 0.6640625 0.6859375 0.021875 0.03046875
0 0.2578125 0.98125 0.04375 0.0375
0 0.64609375 0.1828125 0.06171875 0.04453125