0 0.5453125 0.1546875 0.06015625 0.0375
0 0.76484375 0.19375 0.0234375 0.0484375
0 0.18359375 0.33671875 0.03046875 0.0375
0 0.16640625 0.50390625 0.03046875 0.046875
0 0.64921875 0.51171875 0.04765625 0.0375
0 0.3203125 0.5734375 0.040625 0.0484375
0 0.2078125 0.58359375 0.04296875 0.03203125
0 0.259375 0.6171875 0.028125 0.046875
0 0.1484375 0.63515625 0.04453125 0.040625
0 0.465625 0.68828125 0.04609375 0.0578125
0 0.63046875 0.6921875 0.04296875 0.03515625
0 0.55703125 0.78515625 0.04765625 0.0390625
0 0.46328125 0.78671875 0.03515625 0.046875
0 0.30390625 0.88046875 0.05703125 0.06328125
0 0.22265625 0.91875 0.0265625 0.05
0 0.01953125 0.98046875 0.0390625 0.03515625