0 0.50859375 0.8484375 0.0640625 0.04375
0 0.73125 0.83203125 0.028125 0.05
0 0.16796875 0.6296875 0.034375 0.040625
0 0.16875 0.4609375 0.0359375 0.05
0 0.65 0.50390625 0.0515625 0.0421875
0 0.32890625 0.4078125 0.0453125 0.053125
0 0.21796875 0.3859375 0.0453125 0.0359375
0 0.27265625 0.35859375 0.0328125 0.05
0 0.16484375 0.32890625 0.0484375 0.0453125
0 0.48515625 0.309375 0.0515625 0.0625
0 0.65 0.32265625 0.046875 0.0390625
0 0.58671875 0.22265625 0.0515625 0.04375
0 0.49375 0.2109375 0.040625 0.05
0 0.34453125 0.10078125 0.0640625 0.06875
0 0.26796875 0.0546875 0.03125 0.053125