0 0.4484375 0.15546875 0.0609375 0.0390625
0 0.2296875 0.1984375 0.025 0.0484375
0 0.81328125 0.33125 0.03125 0.0375
0 0.83359375 0.4984375 0.03125 0.046875
0 0.35078125 0.5140625 0.0484375 0.0390625
0 0.68125 0.5703125 0.0421875 0.0484375
0 0.79375 0.578125 0.04375 0.0328125
0 0.74296875 0.61328125 0.0296875 0.046875
0 0.85390625 0.62890625 0.0453125 0.040625
0 0.5375 0.6875 0.046875 0.059375
0 0.37265625 0.69453125 0.04375 0.0359375
0 0.44765625 0.7859375 0.0484375 0.040625
0 0.54140625 0.7859375 0.0359375 0.046875
0 0.70234375 0.87734375 0.0578125 0.0640625
0 0.784375 0.9140625 0.028125 0.05
0 0.984375 0.97109375 0.03125 0.0359375