0 0.49609375 0.8828125 0.06875 0.065625
0 0.17109375 0.8 0.053125 0.059375
0 0.6875 0.85390625 0.0703125 0.05625
0 0.5390625 0.79609375 0.0421875 0.0359375
0 0.58359375 0.7609375 0.059375 0.05625
0 0.51953125 0.62890625 0.053125 0.046875
0 0.36328125 0.2828125 0.0515625 0.0375
0 0.71328125 0.33203125 0.0640625 0.06875
0 0.3875 0.265625 0.0390625 0.04375
0 0.5921875 0.2515625 0.05 0.0546875
0 0.2234375 0.06640625 0.0421875 0.0375
0 0.7796875 0.05234375 0.0578125 0.0328125
0 0.534375 0.01953125 0.0875 0.0390625