0 0.44375 0.12109375 0.06015625 0.05625
0 0.778125 0.15234375 0.04609375 0.05234375
0 0.259375 0.1796875 0.0640625 0.046875
0 0.41484375 0.2140625 0.0375 0.0296875
0 0.3765625 0.25546875 0.053125 0.0484375
0 0.4609375 0.37578125 0.04765625 0.040625
0 0.66875 0.69296875 0.04765625 0.0296875
0 0.315625 0.69921875 0.0546875 0.06171875
0 0.64765625 0.7140625 0.03359375 0.0390625
0 0.44765625 0.76015625 0.04296875 0.0484375
0 0.84140625 0.88515625 0.0375 0.03203125
0 0.29375 0.9859375 0.0546875 0.02421875
0 0.540625 0.98203125 0.08359375 0.03203125