0 0.471875 0.1640625 0.04453125 0.0484375
0 0.36953125 0.2046875 0.05 0.040625
0 0.64296875 0.30546875 0.03515625 0.03359375
0 0.3390625 0.46640625 0.0640625 0.046875
0 0.87578125 0.5796875 0.04296875 0.04296875
0 0.2078125 0.60703125 0.03203125 0.040625
0 0.26171875 0.61015625 0.040625 0.046875
0 0.46171875 0.6125 0.04609375 0.05625
0 0.48125 0.66953125 0.03203125 0.0390625
0 0.63125 0.68359375 0.03359375 0.04453125
0 0.31796875 0.6984375 0.04296875 0.05234375
0 0.22734375 0.83515625 0.04609375 0.0390625
0 0.5078125 0.9328125 0.0640625 0.059375