0 0.4515625 0.83359375 0.0546875 0.0578125
0 0.5609375 0.8171875 0.0578125 0.0515625
0 0.3171875 0.65703125 0.0421875 0.040625
0 0.64921875 0.56875 0.0734375 0.059375
0 0.1515625 0.3375 0.0515625 0.0515625
0 0.80859375 0.46171875 0.040625 0.046875
0 0.75703125 0.44609375 0.05 0.0546875
0 0.5625 0.39921875 0.0578125 0.065625
0 0.55625 0.3390625 0.040625 0.0453125
0 0.41328125 0.29140625 0.0421875 0.0515625
0 0.721875 0.34765625 0.053125 0.0609375
0 0.84140625 0.23515625 0.053125 0.0484375
0 0.58984375 0.0765625 0.075 0.071875