0 0.42578125 0.82890625 0.0515625 0.0546875
0 0.3296875 0.77421875 0.0546875 0.046875
0 0.61484375 0.7125 0.0390625 0.0375
0 0.3359375 0.5109375 0.0703125 0.0546875
0 0.88359375 0.4734375 0.0484375 0.0484375
0 0.22578125 0.353125 0.0375 0.0453125
0 0.2796875 0.3578125 0.046875 0.0515625
0 0.478125 0.38359375 0.053125 0.0625
0 0.5046875 0.3296875 0.0375 0.04375
0 0.65546875 0.33671875 0.0390625 0.0484375
0 0.34765625 0.278125 0.05 0.0578125
0 0.2765625 0.13046875 0.0515625 0.0453125
0 0.56796875 0.07265625 0.071875 0.0671875