0 0.69375 0.1375 0.0546875 0.05
0 0.58125 0.153125 0.0484375 0.03125
0 0.55234375 0.1953125 0.0453125 0.0421875
0 0.2625 0.25390625 0.059375 0.1
0 0.53984375 0.24921875 0.053125 0.0359375
0 0.2875 0.46953125 0.0375 0.046875
0 0.88359375 0.5015625 0.034375 0.0375
0 0.30546875 0.58359375 0.03125 0.0546875
0 0.5984375 0.6296875 0.065625 0.046875
0 0.784375 0.6265625 0.0546875 0.05625
0 0.33515625 0.70078125 0.0453125 0.046875
0 0.4640625 0.73046875 0.0515625 0.0578125
0 0.15234375 0.86796875 0.053125 0.0359375
0 0.77734375 0.8265625 0.0390625 0.0359375
0 0.575 0.86484375 0.05 0.0515625
0 0.246875 0.9765625 0.040625 0.0453125