0 0.1984375 0.7796875 0.0625 0.059375
0 0.31015625 0.8015625 0.0515625 0.0390625
0 0.3515625 0.77109375 0.0515625 0.0484375
0 0.64453125 0.809375 0.0765625 0.1078125
0 0.38046875 0.72421875 0.0578125 0.04375
0 0.69140625 0.5984375 0.0453125 0.0515625
0 0.1375 0.3734375 0.040625 0.0421875
0 0.7109375 0.484375 0.040625 0.0578125
0 0.44921875 0.3453125 0.071875 0.0578125
0 0.271875 0.2875 0.0640625 0.0640625
0 0.72109375 0.36328125 0.053125 0.0546875
0 0.60859375 0.29375 0.059375 0.0640625
0 0.9484375 0.26484375 0.0578125 0.04375
0 0.34375 0.10078125 0.0453125 0.0421875
0 0.5484375 0.13046875 0.0578125 0.059375
0 0.89453125 0.13203125 0.046875 0.0515625