0 0.28125 0.1515625 0.0515625 0.046875
0 0.39453125 0.159375 0.04609375 0.028125
0 0.4265625 0.2 0.04296875 0.0390625
0 0.71953125 0.23828125 0.053125 0.096875
0 0.44296875 0.25234375 0.0515625 0.03203125
0 0.71015625 0.4546875 0.03515625 0.04453125
0 0.1171875 0.528125 0.03203125 0.03515625
0 0.7 0.56953125 0.028125 0.05234375
0 0.4109375 0.6359375 0.0625 0.04296875
0 0.225 0.64609375 0.0515625 0.05234375
0 0.678125 0.6890625 0.04296875 0.04453125
0 0.5515625 0.72734375 0.04765625 0.05390625
0 0.87265625 0.84296875 0.0515625 0.03203125
0 0.24609375 0.8453125 0.0375 0.03359375
0 0.45078125 0.86953125 0.04609375 0.0484375
0 0.7859375 0.9578125 0.0375 0.04296875