0 0.56484375 0.87421875 0.046875 0.04375
0 0.78359375 0.775 0.0390625 0.0421875
0 0.66484375 0.7734375 0.0453125 0.05
0 0.42265625 0.7734375 0.0734375 0.0625
0 0.4828125 0.6015625 0.0390625 0.034375
0 0.74375 0.509375 0.05625 0.0484375
0 0.721875 0.471875 0.04375 0.0390625
0 0.68125 0.41171875 0.0265625 0.0296875
0 0.61640625 0.4046875 0.04375 0.040625
0 0.89765625 0.2296875 0.0609375 0.0609375
0 0.6078125 0.30078125 0.05625 0.0453125
0 0.228125 0.23984375 0.0640625 0.065625
0 0.24921875 0.15625 0.0484375 0.0546875
0 0.62265625 0.01875 0.0671875 0.0375
0 0.34375 0.03359375 0.05 0.025