0 0.63125 0.85625 0.046875 0.04375
0 0.3921875 0.8796875 0.0390625 0.0421875
0 0.49453125 0.81953125 0.0453125 0.05
0 0.70390625 0.6984375 0.0734375 0.0625
0 0.565625 0.5796875 0.0390625 0.034375
0 0.29375 0.6296875 0.05625 0.0484375
0 0.29375 0.58671875 0.04375 0.0390625
0 0.29921875 0.5140625 0.0265625 0.0296875
0 0.35234375 0.47578125 0.04375 0.040625
0 0.025 0.46328125 0.05 0.0609375
0 0.30703125 0.38125 0.05625 0.0453125
0 0.60546875 0.13828125 0.0640625 0.065625
0 0.5453125 0.07734375 0.0484375 0.0546875
0 0.14765625 0.1359375 0.0671875 0.059375
0 0.40234375 0.0171875 0.05 0.025