0 0.534375 0.121875 0.0390625 0.03515625
0 0.29765625 0.1609375 0.03046875 0.03515625
0 0.41171875 0.19296875 0.03515625 0.04296875
0 0.6453125 0.25546875 0.0625 0.0484375
0 0.54296875 0.40625 0.03359375 0.02578125
0 0.2671875 0.428125 0.04765625 0.0375
0 0.278125 0.46953125 0.0375 0.0296875
0 0.30234375 0.53828125 0.02109375 0.02578125
0 0.36328125 0.56171875 0.0375 0.03203125
0 0.04609375 0.65859375 0.05 0.05
0 0.34453125 0.66484375 0.05 0.03359375
0 0.6953125 0.821875 0.0515625 0.05390625
0 0.653125 0.896875 0.0375 0.046875
0 0.25390625 0.94296875 0.05703125 0.046875
0 0.53046875 0.99140625 0.04765625 0.01328125