0 0.325 0.08671875 0.025 0.03203125
0 0.4015625 0.10234375 0.03203125 0.0296875
0 0.49140625 0.12421875 0.0265625 0.04296875
0 0.36484375 0.15859375 0.03046875 0.0296875
0 0.49375 0.27734375 0.04609375 0.0484375
0 0.27734375 0.321875 0.04296875 0.05625
0 0.59921875 0.48359375 0.06953125 0.10234375
0 0.27734375 0.52421875 0.028125 0.03203125
0 0.3390625 0.52421875 0.03203125 0.03515625
0 0.0984375 0.55859375 0.03359375 0.03359375
0 0.525 0.58359375 0.01953125 0.03203125
0 0.5546875 0.60078125 0.03046875 0.028125
0 0.26875 0.69765625 0.0234375 0.0390625
0 0.49140625 0.703125 0.03046875 0.03203125
0 0.65390625 0.878125 0.04296875 0.0578125
0 0.69609375 0.94609375 0.03203125 0.0375
0 0.6734375 0.96484375 0.02109375 0.040625
0 0.64765625 0.98515625 0.03046875 0.02578125