0 0.77578125 0.14609375 0.0328125 0.0375
0 0.69765625 0.14140625 0.0390625 0.0375
0 0.60546875 0.1390625 0.0375 0.0484375
0 0.71875 0.20546875 0.0375 0.0359375
0 0.56328125 0.28671875 0.0578125 0.059375
0 0.7609375 0.3859375 0.05625 0.065625
0 0.40859375 0.45859375 0.09375 0.1171875
0 0.70859375 0.58125 0.0359375 0.0375
0 0.64921875 0.56484375 0.040625 0.0421875
0 0.87265625 0.66015625 0.040625 0.040625
0 0.45390625 0.57421875 0.0265625 0.0359375
0 0.42109375 0.5828125 0.0359375 0.034375
0 0.671875 0.75078125 0.0328125 0.04375
0 0.45546875 0.6984375 0.0375 0.0390625
0 0.253125 0.82578125 0.05625 0.0671875
0 0.1953125 0.88046875 0.040625 0.04375
0 0.2125 0.90390625 0.03125 0.0453125
0 0.23203125 0.93046875 0.0359375 0.0328125