0 0.26953125 0.88515625 0.0296875 0.0359375
0 0.346875 0.88046875 0.0359375 0.034375
0 0.4390625 0.87109375 0.0328125 0.046875
0 0.31875 0.81953125 0.034375 0.034375
0 0.4625 0.71953125 0.053125 0.0546875
0 0.2546875 0.6453125 0.05 0.0609375
0 0.59609375 0.5296875 0.0828125 0.1109375
0 0.2828125 0.4453125 0.0328125 0.0359375
0 0.34375 0.45390625 0.0359375 0.0390625
0 0.11015625 0.3859375 0.0375 0.0375
0 0.53671875 0.4203125 0.0234375 0.034375
0 0.56796875 0.4078125 0.034375 0.0328125
0 0.2984375 0.271875 0.028125 0.0421875
0 0.51953125 0.29765625 0.034375 0.0359375
0 0.7046875 0.146875 0.05 0.0625
0 0.75625 0.08515625 0.0375 0.0421875
0 0.73671875 0.0640625 0.0265625 0.04375
0 0.7140625 0.03984375 0.034375 0.0296875