0 0.528125 0.03203125 0.07265625 0.06328125
0 0.6 0.1109375 0.0640625 0.04296875
0 0.4234375 0.14609375 0.04765625 0.028125
0 0.609375 0.16328125 0.03203125 0.04296875
0 0.38359375 0.22265625 0.04296875 0.0390625
0 0.48671875 0.23671875 0.04296875 0.04453125
0 0.74921875 0.24375 0.0390625 0.0375
0 0.66640625 0.253125 0.04609375 0.040625
0 0.753125 0.309375 0.04296875 0.040625
0 0.4796875 0.34453125 0.04609375 0.06328125
0 0.44375 0.4546875 0.028125 0.0484375
0 0.19296875 0.46015625 0.04765625 0.040625
0 0.00625 0.48671875 0.0125 0.04296875
0 0.8125 0.50390625 0.0375 0.0765625
0 0.37421875 0.5484375 0.05859375 0.05
0 0.478125 0.6078125 0.028125 0.03515625
0 0.19453125 0.63203125 0.0546875 0.046875
0 0.5453125 0.63203125 0.04296875 0.046875
0 0.78984375 0.66328125 0.065625 0.0484375
0 0.64140625 0.68984375 0.028125 0.03515625
0 0.3953125 0.74921875 0.0515625 0.06484375
0 0.68671875 0.76875 0.03046875 0.040625
0 0.4875 0.89453125 0.07265625 0.0796875
0 0.68203125 0.8984375 0.028125 0.05
0 0.6796875 0.959375 0.03046875 0.0296875