0 0.44609375 0.0359375 0.0828125 0.071875
0 0.53125 0.09921875 0.0703125 0.053125
0 0.36328125 0.16484375 0.0515625 0.0359375
0 0.54921875 0.14921875 0.0390625 0.0484375
0 0.3375 0.246875 0.0484375 0.0453125
0 0.44140625 0.24296875 0.05 0.0515625
0 0.70078125 0.2046875 0.0453125 0.04375
0 0.62109375 0.228125 0.053125 0.0484375
0 0.71640625 0.26796875 0.05 0.046875
0 0.453125 0.35078125 0.05625 0.0703125
0 0.43671875 0.46484375 0.0359375 0.053125
0 0.190625 0.5140625 0.0546875 0.0484375
0 0.01171875 0.57265625 0.0203125 0.04375
0 0.80859375 0.44921875 0.05 0.08125
0 0.384375 0.56953125 0.065625 0.059375
0 0.496875 0.61015625 0.034375 0.0390625
0 0.221875 0.6828125 0.0625 0.05625
0 0.5671875 0.621875 0.05 0.053125
0 0.8140625 0.61015625 0.0734375 0.059375
0 0.671875 0.6625 0.034375 0.0390625
0 0.43984375 0.76328125 0.0625 0.0734375
0 0.73046875 0.73203125 0.0375 0.0453125
0 0.55625 0.890625 0.0859375 0.090625
0 0.7484375 0.8609375 0.0359375 0.0546875
0 0.75703125 0.92109375 0.0359375 0.034375