0 0.58515625 0.0390625 0.0859375 0.078125
0 0.496875 0.0984375 0.071875 0.0578125
0 0.66015625 0.175 0.053125 0.0390625
0 0.475 0.146875 0.0421875 0.05
0 0.6796875 0.259375 0.0515625 0.0484375
0 0.5765625 0.24765625 0.053125 0.053125
0 0.3203125 0.19140625 0.046875 0.0453125
0 0.3984375 0.2203125 0.0546875 0.05
0 0.30078125 0.25390625 0.0515625 0.05
0 0.55703125 0.35390625 0.059375 0.071875
0 0.565625 0.46953125 0.0390625 0.053125
0 0.8078125 0.5359375 0.05625 0.0515625
0 0.98203125 0.60625 0.021875 0.0453125
0 0.19609375 0.428125 0.0546875 0.0828125
0 0.61015625 0.57734375 0.06875 0.0625
0 0.4953125 0.61015625 0.0359375 0.040625
0 0.76484375 0.70234375 0.0640625 0.059375
0 0.42421875 0.6171875 0.053125 0.05625
0 0.17890625 0.58828125 0.075 0.0625
0 0.3171875 0.65 0.0359375 0.040625
0 0.54140625 0.7671875 0.065625 0.075
0 0.25390625 0.715625 0.0390625 0.046875
0 0.41640625 0.8859375 0.0890625 0.0953125
0 0.22734375 0.8421875 0.0390625 0.0546875
0 0.21484375 0.90234375 0.0375 0.0359375