0 0.4796875 0.91796875 0.05 0.0375
0 0.4765625 0.84921875 0.03125 0.025
0 0.54453125 0.85078125 0.0359375 0.0578125
0 0.8484375 0.85546875 0.034375 0.034375
0 0.58828125 0.8359375 0.0421875 0.059375
0 0.8109375 0.7640625 0.0265625 0.0296875
0 0.96484375 0.7234375 0.0421875 0.0390625
0 0.85703125 0.68203125 0.0375 0.0359375
0 0.58984375 0.53984375 0.0359375 0.0484375
0 0.71171875 0.51875 0.0546875 0.0609375
0 0.965625 0.50234375 0.06875 0.1046875
0 0.41640625 0.3578125 0.040625 0.05625
0 0.8265625 0.3390625 0.0359375 0.046875
0 0.50546875 0.16328125 0.04375 0.0484375
0 0.57578125 0.15390625 0.059375 0.0359375
0 0.94140625 0.034375 0.0328125 0.021875