0 0.4984375 0.08125 0.04765625 0.03515625
0 0.50546875 0.15 0.03046875 0.02421875
0 0.4375 0.15234375 0.03359375 0.05625
0 0.13359375 0.16328125 0.03203125 0.03203125
0 0.39453125 0.16875 0.0390625 0.0578125
0 0.17578125 0.25234375 0.025 0.028125
0 0.02421875 0.3015625 0.040625 0.0375
0 0.13359375 0.33671875 0.03515625 0.03359375
0 0.4078125 0.46484375 0.03359375 0.046875
0 0.2875 0.4921875 0.0515625 0.0578125
0 0.03359375 0.52109375 0.0671875 0.10078125
0 0.590625 0.6375 0.0375 0.05390625
0 0.18203125 0.678125 0.03359375 0.04453125
0 0.5125 0.83671875 0.040625 0.046875
0 0.4421875 0.84921875 0.05703125 0.03359375
0 0.08359375 0.98828125 0.03203125 0.0203125