0 0.5234375 0.91796875 0.05 0.0375
0 0.5125 0.85 0.03125 0.025
0 0.58046875 0.84375 0.0359375 0.0578125
0 0.88359375 0.8171875 0.034375 0.034375
0 0.62265625 0.825 0.0421875 0.059375
0 0.83671875 0.73046875 0.0265625 0.0296875
0 0.98203125 0.67265625 0.0359375 0.0390625
0 0.87421875 0.64375 0.0375 0.0359375
0 0.59375 0.53046875 0.0359375 0.0484375
0 0.7125 0.496875 0.0546875 0.0609375
0 0.9640625 0.45390625 0.071875 0.1046875
0 0.40234375 0.3671875 0.040625 0.05625
0 0.80859375 0.30546875 0.0359375 0.046875
0 0.46953125 0.1640625 0.04375 0.0484375
0 0.53984375 0.1484375 0.059375 0.0359375