0 0.23828125 0.4875 0.0390625 0.040625
0 0.5078125 0.553125 0.03125 0.0390625
0 0.5421875 0.490625 0.0375 0.04375
0 0.4828125 0.15625 0.03125 0.034375
0 0.553125 0.10390625 0.0796875 0.071875
0 0.6546875 0.1984375 0.0515625 0.0421875
0 0.709375 0.24453125 0.078125 0.0703125
0 0.63671875 0.51328125 0.05625 0.053125
0 0.628125 0.45 0.0296875 0.0296875
0 0.31328125 0.79765625 0.0203125 0.028125
0 0.20625 0.13515625 0.0390625 0.0375
0 0.3203125 0.18203125 0.0296875 0.0234375
0 0.86875 0.73359375 0.0171875 0.0234375
0 0.775 0.08828125 0.0265625 0.0375
0 0.82734375 0.12890625 0.0328125 0.025
0 0.91640625 0.484375 0.0203125 0.021875
0 0.66875 0.96796875 0.03125 0.0234375
0 0.32109375 0.0203125 0.04375 0.0359375