0 0.25 0.578125 0.0359375 0.0375
0 0.52578125 0.54765625 0.0265625 0.0375
0 0.5359375 0.4765625 0.0328125 0.040625
0 0.36640625 0.1828125 0.028125 0.03125
0 0.4140625 0.11015625 0.0734375 0.0640625
0 0.5421875 0.1640625 0.0484375 0.0375
0 0.609375 0.18828125 0.071875 0.0625
0 0.6328125 0.465625 0.0515625 0.0484375
0 0.60390625 0.409375 0.028125 0.028125
0 0.4265625 0.84375 0.0171875 0.0265625
0 0.09921875 0.2578125 0.034375 0.034375
0 0.221875 0.26328125 0.028125 0.0203125
0 0.92578125 0.59375 0.0140625 0.021875
0 0.6171875 0.01875 0.0234375 0.0359375
0 0.68125 0.03984375 0.03125 0.0203125
0 0.8859375 0.34296875 0.01875 0.0203125
0 0.81796875 0.88203125 0.0296875 0.0203125
0 0.16796875 0.1109375 0.040625 0.03125