0 0.40859375 0.62734375 0.04609375 0.03828125
0 0.678125 0.59140625 0.06171875 0.05703125
0 0.846875 0.24921875 0.0625 0.0390625
0 0.36875 0.2578125 0.021875 0.0390625
0 0.2171875 0.3203125 0.034375 0.04375
0 0.08984375 0.52421875 0.0171875 0.03359375
0 0.509375 0.57109375 0.0359375 0.04140625
0 0.20625 0.11171875 0.02109375 0.03671875
0 0.71875 0.8453125 0.028125 0.0390625
0 0.60859375 0.7046875 0.0171875 0.0390625
0 0.33828125 0.47734375 0.03203125 0.04765625
0 0.57109375 0.184375 0.0203125 0.028125
0 0.58359375 0.27734375 0.03671875 0.0328125
0 0.77578125 0.4515625 0.04296875 0.053125
0 0.40078125 0.1984375 0.0390625 0.028125