0 0.41328125 0.63046875 0.046875 0.040625
0 0.68125 0.58515625 0.0640625 0.059375
0 0.83828125 0.2375 0.0640625 0.040625
0 0.36015625 0.2625 0.0234375 0.0390625
0 0.2109375 0.33046875 0.0359375 0.0453125
0 0.090625 0.53828125 0.01875 0.034375
0 0.51171875 0.57109375 0.0375 0.0421875
0 0.19296875 0.121875 0.021875 0.0375
0 0.73046875 0.8375 0.0296875 0.040625
0 0.615625 0.70078125 0.01875 0.0390625
0 0.3375 0.4828125 0.034375 0.0484375
0 0.56015625 0.18203125 0.021875 0.028125
0 0.57578125 0.27421875 0.0375 0.034375
0 0.77421875 0.4421875 0.0453125 0.0546875
0 0.390625 0.20234375 0.040625 0.0296875