0 0.57734375 0.3640625 0.05 0.0421875
0 0.31328125 0.42734375 0.0671875 0.0625
0 0.18125 0.7859375 0.065625 0.0453125
0 0.65546875 0.72734375 0.0265625 0.040625
0 0.8 0.64921875 0.0390625 0.046875
0 0.90546875 0.4328125 0.0203125 0.0359375
0 0.48359375 0.43046875 0.040625 0.0453125
0 0.8328125 0.85546875 0.025 0.0390625
0 0.24609375 0.1796875 0.0328125 0.0421875
0 0.3703125 0.3078125 0.021875 0.040625
0 0.66328125 0.50546875 0.0375 0.05
0 0.4625 0.82109375 0.0234375 0.0296875
0 0.43984375 0.73046875 0.040625 0.0359375
0 0.23046875 0.57734375 0.0484375 0.0578125
0 0.63046875 0.78984375 0.0421875 0.0328125