0 0.54296875 0.77265625 0.040625 0.0328125
0 0.43671875 0.7421875 0.05625 0.06875
0 0.459375 0.39296875 0.05 0.0484375
0 0.58203125 0.5515625 0.0296875 0.0359375
0 0.67421875 0.8140625 0.040625 0.034375
0 0.86796875 0.84921875 0.05 0.0265625
0 0.55234375 0.940625 0.034375 0.03125
0 0.21953125 0.58359375 0.0390625 0.04375
0 0.33984375 0.51796875 0.0421875 0.0375
0 0.67734375 0.23515625 0.0390625 0.0234375
0 0.17578125 0.43125 0.034375 0.0515625
0 0.1390625 0.19609375 0.046875 0.0390625
0 0.971875 0.61875 0.0296875 0.0328125
0 0.88828125 0.725 0.0296875 0.040625
0 0.82421875 0.95703125 0.0359375 0.0359375
0 0.39765625 0.9625 0.0234375 0.0390625
0 0.2921875 0.84609375 0.0375 0.028125
0 0.60546875 0.45703125 0.0421875 0.034375
0 0.10703125 0.68046875 0.025 0.0265625
0 0.253125 0.0796875 0.025 0.0234375
0 0.6921875 0.1796875 0.0296875 0.025