0 0.41015625 0.7609375 0.03671875 0.0265625
0 0.5203125 0.74921875 0.0453125 0.0625
0 0.55859375 0.4015625 0.04375 0.0421875
0 0.41015625 0.53671875 0.025 0.03203125
0 0.27421875 0.77890625 0.03671875 0.02890625
0 0.07734375 0.7796875 0.046875 0.01796875
0 0.371875 0.925 0.03046875 0.02578125
0 0.240625 0.975 0.0359375 0.02421875
0 0.76171875 0.63125 0.0328125 0.03828125
0 0.6546875 0.5453125 0.03671875 0.03203125
0 0.37109375 0.20859375 0.03671875 0.01796875
0 0.83125 0.48828125 0.02734375 0.046875
0 0.90859375 0.26328125 0.0421875 0.03203125
0 0.01484375 0.53515625 0.02578125 0.028125
0 0.07890625 0.65390625 0.02421875 0.0375
0 0.1015625 0.89375 0.03125 0.03046875
0 0.5203125 0.9734375 0.0171875 0.03671875
0 0.64453125 0.8765625 0.034375 0.02265625
0 0.40390625 0.4390625 0.0375 0.02890625
0 0.85546875 0.74609375 0.021875 0.0234375
0 0.81640625 0.12890625 0.021875 0.0203125
0 0.36640625 0.1515625 0.02578125 0.0203125