0 0.43359375 0.76796875 0.0390625 0.0296875
0 0.5421875 0.746875 0.05 0.065625
0 0.55 0.396875 0.046875 0.0453125
0 0.4140625 0.54453125 0.028125 0.034375
0 0.29921875 0.79765625 0.0390625 0.03125
0 0.103125 0.815625 0.0484375 0.021875
0 0.409375 0.934375 0.0328125 0.028125
0 0.2828125 0.99140625 0.0375 0.0171875
0 0.771875 0.6078125 0.0359375 0.040625
0 0.6578125 0.53203125 0.0390625 0.034375
0 0.34609375 0.22109375 0.0375 0.021875
0 0.82890625 0.459375 0.03125 0.0484375
0 0.88671875 0.22890625 0.0453125 0.0359375
0 0.01953125 0.57734375 0.028125 0.0296875
0 0.09375 0.68984375 0.028125 0.0390625
0 0.1375 0.92734375 0.034375 0.0328125
0 0.56171875 0.96953125 0.0203125 0.0375
0 0.6765625 0.8625 0.0359375 0.025
0 0.39921875 0.44765625 0.040625 0.0328125
0 0.87578125 0.7140625 0.0234375 0.025
0 0.7828125 0.103125 0.0234375 0.021875
0 0.33671875 0.16484375 0.028125 0.021875