0 0.46796875 0.678125 0.05625 0.0546875
0 0.528125 0.5859375 0.0484375 0.0453125
0 0.6140625 0.53515625 0.04375 0.05625
0 0.5625 0.38203125 0.0265625 0.0328125
0 0.67734375 0.365625 0.03125 0.0390625
0 0.73359375 0.275 0.0609375 0.0421875
0 0.73828125 0.715625 0.0359375 0.0421875
0 0.0671875 0.44296875 0.0265625 0.0359375
0 0.446875 0.01796875 0.0515625 0.034375
0 0.4046875 0.1515625 0.0484375 0.0296875
0 0.19140625 0.76171875 0.0390625 0.040625
0 0.7125 0.56953125 0.053125 0.034375
0 0.2859375 0.33515625 0.0421875 0.0328125
0 0.24609375 0.27578125 0.0296875 0.04375
0 0.81328125 0.28125 0.0296875 0.0328125
0 0.475 0.48046875 0.0296875 0.0359375
0 0.0921875 0.61640625 0.025 0.021875
0 0.7453125 0.96796875 0.040625 0.028125
0 0.85234375 0.01953125 0.025 0.021875