0 0.45234375 0.675 0.0515625 0.05
0 0.5203125 0.58828125 0.0453125 0.04140625
0 0.61015625 0.5453125 0.0390625 0.05234375
0 0.57265625 0.38828125 0.02421875 0.03046875
0 0.68828125 0.38125 0.02890625 0.0359375
0 0.75234375 0.29609375 0.05859375 0.0375
0 0.71875 0.7359375 0.03203125 0.03984375
0 0.0734375 0.40546875 0.0234375 0.034375
0 0.4890625 0.01484375 0.04921875 0.0296875
0 0.43515625 0.14453125 0.04609375 0.02578125
0 0.16953125 0.73359375 0.0359375 0.03828125
0 0.70546875 0.5875 0.05 0.03046875
0 0.30078125 0.3171875 0.0390625 0.02890625
0 0.26640625 0.2546875 0.0265625 0.04140625
0 0.83125 0.309375 0.02734375 0.03125
0 0.4765625 0.478125 0.02734375 0.03359375
0 0.08359375 0.58046875 0.0234375 0.01953125
0 0.70390625 0.9875 0.03828125 0.025
0 0.89296875 0.05234375 0.0234375 0.0203125