0 0.45546875 0.67578125 0.053125 0.0515625
0 0.521875 0.58828125 0.0453125 0.0421875
0 0.6109375 0.54375 0.040625 0.053125
0 0.5703125 0.38671875 0.025 0.03125
0 0.6859375 0.378125 0.0296875 0.0359375
0 0.7484375 0.29140625 0.059375 0.0390625
0 0.72265625 0.73203125 0.0328125 0.040625
0 0.071875 0.41328125 0.0234375 0.034375
0 0.4796875 0.01484375 0.05 0.0296875
0 0.42890625 0.14609375 0.046875 0.0265625
0 0.1734375 0.7390625 0.0359375 0.0390625
0 0.70703125 0.58359375 0.05 0.03125
0 0.29765625 0.3203125 0.0390625 0.0296875
0 0.2625 0.25859375 0.0265625 0.0421875
0 0.828125 0.30390625 0.028125 0.03125
0 0.4765625 0.47890625 0.028125 0.034375
0 0.08515625 0.5875 0.0234375 0.0203125
0 0.7125 0.98359375 0.0390625 0.025
0 0.88515625 0.0453125 0.0234375 0.0203125