0 0.4109375 0.8421875 0.028125 0.0328125
0 0.059375 0.803125 0.02734375 0.0375
0 0.16875 0.7515625 0.0359375 0.04140625
0 0.03125 0.45234375 0.03828125 0.03828125
0 0.1359375 0.4671875 0.034375 0.04375
0 0.25234375 0.31953125 0.0296875 0.0453125
0 0.3015625 0.3109375 0.034375 0.03828125
0 0.02109375 0.58359375 0.025 0.03671875
0 0.18046875 0.20546875 0.028125 0.025
0 0.32265625 0.18359375 0.03515625 0.01875
0 0.43515625 0.375 0.02421875 0.0296875
0 0.34453125 0.5375 0.021875 0.02265625
0 0.8375 0.63828125 0.02421875 0.05
0 0.03828125 0.19921875 0.03515625 0.0375
0 0.4578125 0.07890625 0.03671875 0.02890625