0 0.6359375 0.8265625 0.0328125 0.0359375
0 0.97890625 0.7390625 0.0328125 0.040625
0 0.86328125 0.703125 0.040625 0.0453125
0 0.9578125 0.3875 0.04375 0.04375
0 0.85625 0.4171875 0.040625 0.0484375
0 0.7203125 0.28671875 0.0359375 0.0484375
0 0.6703125 0.28515625 0.0390625 0.0421875
0 0.98515625 0.51640625 0.0296875 0.0390625
0 0.77578125 0.1640625 0.03125 0.028125
0 0.63125 0.16171875 0.0375 0.0234375
0 0.546875 0.3671875 0.028125 0.0328125
0 0.659375 0.515625 0.025 0.025
0 0.18515625 0.68359375 0.03125 0.053125
0 0.915625 0.1375 0.040625 0.0421875
0 0.4828125 0.07734375 0.040625 0.034375