0 0.44140625 0.8484375 0.03125 0.034375
0 0.0875 0.840625 0.03125 0.0390625
0 0.1921875 0.7796875 0.0390625 0.04375
0 0.02890625 0.49375 0.0421875 0.0421875
0 0.134375 0.49921875 0.0375 0.046875
0 0.2375 0.3421875 0.0328125 0.0484375
0 0.2859375 0.32890625 0.0375 0.040625
0 0.03046875 0.625 0.028125 0.0390625
0 0.15625 0.234375 0.0296875 0.028125
0 0.29609375 0.2 0.0359375 0.021875
0 0.42421875 0.38125 0.0265625 0.03125
0 0.3484375 0.55078125 0.0234375 0.025
0 0.8484375 0.60859375 0.028125 0.0515625
0 0.01640625 0.240625 0.0328125 0.040625
0 0.42109375 0.084375 0.0390625 0.03125