0 0.3515625 0.096875 0.03515625 0.0296875
0 0.390625 0.16796875 0.03203125 0.02578125
0 0.6140625 0.1953125 0.03359375 0.040625
0 0.75390625 0.3984375 0.03359375 0.05234375
0 0.1046875 0.5296875 0.04296875 0.0390625
0 0.3453125 0.56484375 0.0265625 0.0390625
0 0.90703125 0.628125 0.03046875 0.05
0 0.54375 0.6296875 0.03203125 0.03359375
0 0.84140625 0.64921875 0.0625 0.0796875
0 0.78671875 0.66015625 0.053125 0.06171875
0 0.01015625 0.66484375 0.01953125 0.04453125
0 0.71796875 0.8140625 0.04609375 0.07109375