0 0.41953125 0.01484375 0.0328125 0.0203125
0 0.37578125 0.11640625 0.025 0.021875
0 0.628125 0.11328125 0.0578125 0.0546875
0 0.33984375 0.18671875 0.04375 0.053125
0 0.6390625 0.16796875 0.04375 0.0515625
0 0.59453125 0.20078125 0.04375 0.04375
0 0.5359375 0.26484375 0.0421875 0.04375
0 0.03203125 0.35078125 0.0328125 0.0265625
0 0.10546875 0.41953125 0.0234375 0.034375
0 0.67890625 0.35625 0.0421875 0.046875
0 0.76953125 0.390625 0.0328125 0.040625
0 0.0796875 0.4796875 0.0578125 0.053125
0 0.51484375 0.4390625 0.03125 0.0328125
0 0.55703125 0.44609375 0.034375 0.053125
0 0.2359375 0.52578125 0.028125 0.028125
0 0.1421875 0.5515625 0.04375 0.046875
0 0.31328125 0.5828125 0.028125 0.0375
0 0.7953125 0.54609375 0.0375 0.0359375
0 0.196875 0.65 0.028125 0.034375
0 0.925 0.58515625 0.078125 0.0796875
0 0.8453125 0.59609375 0.0515625 0.0484375
0 0.86953125 0.6359375 0.034375 0.040625
0 0.35703125 0.7640625 0.0640625 0.0796875
0 0.50703125 0.7578125 0.0484375 0.0484375
0 0.45859375 0.76953125 0.0375 0.0421875
0 0.2484375 0.8015625 0.040625 0.0453125
0 0.85625 0.84609375 0.0359375 0.0328125
0 0.98828125 0.85703125 0.0234375 0.0359375
0 0.4484375 0.93046875 0.0421875 0.0578125
0 0.9125 0.878125 0.059375 0.059375
0 0.8796875 0.9265625 0.0515625 0.040625
0 0.47734375 0.99296875 0.0515625 0.0140625