0 0.64765625 0.03046875 0.034375 0.0234375
0 0.6765625 0.1375 0.028125 0.0234375
0 0.42734375 0.09921875 0.0625 0.059375
0 0.70234375 0.2125 0.0484375 0.05625
0 0.40859375 0.15234375 0.05 0.0546875
0 0.44765625 0.190625 0.0484375 0.0484375
0 0.49765625 0.2625 0.046875 0.046875
0 0.9828125 0.41640625 0.034375 0.0296875
0 0.90234375 0.475 0.0265625 0.0359375
0 0.34296875 0.3328125 0.046875 0.0515625
0 0.24765625 0.35390625 0.0375 0.04375
0 0.91875 0.5390625 0.0640625 0.059375
0 0.49375 0.4375 0.034375 0.0359375
0 0.45078125 0.43828125 0.040625 0.05625
0 0.7578125 0.5625 0.03125 0.03125
0 0.84765625 0.60078125 0.0484375 0.0515625
0 0.6734375 0.6078125 0.03125 0.040625
0 0.20078125 0.5046875 0.040625 0.0390625
0 0.77890625 0.690625 0.0328125 0.0375
0 0.0671875 0.52578125 0.0859375 0.0859375
0 0.14453125 0.546875 0.05625 0.053125
0 0.115625 0.5828125 0.0390625 0.04375
0 0.6046875 0.78125 0.071875 0.0859375
0 0.45703125 0.7546875 0.053125 0.053125
0 0.50390625 0.77265625 0.0421875 0.046875
0 0.70703125 0.83359375 0.04375 0.0484375
0 0.0984375 0.79296875 0.0390625 0.0375
0 0.49140625 0.93359375 0.0484375 0.0609375
0 0.0390625 0.8171875 0.065625 0.065625
0 0.06484375 0.86953125 0.0546875 0.046875
0 0.45234375 0.990625 0.0515625 0.01875