0 0.52109375 0.00859375 0.03046875 0.01640625
0 0.5765625 0.10390625 0.0234375 0.01875
0 0.32578125 0.13203125 0.0515625 0.0484375
0 0.62109375 0.16953125 0.0375 0.0484375
0 0.321875 0.1875 0.0390625 0.046875
0 0.36953125 0.21484375 0.0390625 0.0390625
0 0.4359375 0.27109375 0.0375 0.0390625
0 0.94609375 0.29453125 0.03046875 0.02265625
0 0.88203125 0.371875 0.01953125 0.03203125
0 0.3046875 0.37890625 0.0375 0.04296875
0 0.21875 0.42421875 0.028125 0.0375
0 0.91484375 0.42890625 0.053125 0.046875
0 0.478125 0.44140625 0.028125 0.0296875
0 0.43671875 0.453125 0.028125 0.05
0 0.765625 0.49375 0.025 0.02578125
0 0.86171875 0.5078125 0.0390625 0.04296875
0 0.6953125 0.559375 0.0234375 0.03515625
0 0.2125 0.58203125 0.03359375 0.03203125
0 0.81875 0.61171875 0.025 0.03203125
0 0.08828125 0.63671875 0.06953125 0.07109375
0 0.16875 0.6375 0.04609375 0.04296875
0 0.15 0.6796875 0.03046875 0.0375
0 0.67421875 0.74453125 0.0546875 0.07421875
0 0.52421875 0.75703125 0.04296875 0.04296875
0 0.57421875 0.7625 0.03359375 0.0390625
0 0.78671875 0.76875 0.03515625 0.040625
0 0.18828125 0.88671875 0.03203125 0.0296875
0 0.053125 0.915625 0.03203125 0.03203125
0 0.60390625 0.92109375 0.03515625 0.05390625
0 0.13671875 0.92578125 0.053125 0.05390625
0 0.175 0.96953125 0.04765625 0.03515625
0 0.5828125 0.990625 0.05 0.01484375