0 0.5890625 0.028125 0.040625 0.05546875
0 0.43125 0.0125 0.04453125 0.0203125
0 0.73046875 0.3109375 0.03046875 0.0453125
0 0.75390625 0.56015625 0.07109375 0.0734375
0 0.82109375 0.72734375 0.03125 0.06328125
0 0.89140625 0.8359375 0.0453125 0.0484375
0 0.865625 0.9796875 0.075 0.040625
0 0.31328125 0.4328125 0.07265625 0.090625
0 0.2015625 0.6046875 0.03046875 0.03359375
0 0.24765625 0.53515625 0.07265625 0.07109375
0 0.3640625 0.5796875 0.0609375 0.0453125
0 0.42578125 0.56484375 0.0140625 0.028125
0 0.44609375 0.5453125 0.01484375 0.0265625
0 0.496875 0.49375 0.0453125 0.03046875
0 0.53515625 0.696875 0.04375 0.05234375
0 0.59453125 0.61171875 0.0640625 0.06015625
0 0.56953125 0.828125 0.10859375 0.06171875
0 0.22890625 0.7484375 0.06640625 0.08125
0 0.3421875 0.8078125 0.0484375 0.03828125
0 0.3828125 0.8703125 0.034375 0.0390625
0 0.11953125 0.971875 0.0484375 0.0515625
0 0.19609375 0.89921875 0.028125 0.071875
0 0.2359375 0.36328125 0.05625 0.034375
0 0.2875 0.3203125 0.0375 0.0359375
0 0.371875 0.20546875 0.02109375 0.02890625
0 0.58046875 0.41328125 0.04296875 0.0265625
0 0.7359375 0.4125 0.046875 0.046875
0 0.68125 0.846875 0.0359375 0.0421875
0 0.71640625 0.87890625 0.03359375 0.0484375
0 0.05859375 0.653125 0.01875 0.0265625
0 0.296875 0.665625 0.025 0.03125
0 0.59375 0.50703125 0.01875 0.0203125
0 0.37421875 0.509375 0.021875 0.0203125
0 0.13203125 0.19921875 0.0234375 0.0296875
0 0.421875 0.84921875 0.021875 0.02890625
0 0.50625 0.9484375 0.03984375 0.0296875
0 0.10546875 0.01640625 0.05546875 0.028125