0 0.57109375 0.184375 0.1140625 0.128125
0 0.41015625 0.60546875 0.01875 0.028125
0 0.35703125 0.615625 0.0796875 0.0828125
0 0.37890625 0.428125 0.05 0.075
0 0.26015625 0.61875 0.0375 0.0515625
0 0.1484375 0.6359375 0.0578125 0.0421875
0 0.19296875 0.4796875 0.0609375 0.0703125
0 0.54453125 0.44453125 0.01875 0.0296875
0 0.446875 0.496875 0.0328125 0.0296875
0 0.8546875 0.93984375 0.0625 0.0578125
0 0.734375 0.7078125 0.0265625 0.0328125
0 0.91171875 0.51015625 0.03125 0.03125
0 0.65859375 0.5875 0.0328125 0.0234375
0 0.64140625 0.43125 0.0296875 0.0453125
0 0.25 0.12890625 0.0578125 0.0859375
0 0.87734375 0.584375 0.025 0.034375
0 0.64921875 0.77109375 0.0296875 0.021875
0 0.40234375 0.678125 0.03125 0.0171875
0 0.65859375 0.67734375 0.0171875 0.028125
0 0.8234375 0.375 0.0171875 0.03125
0 0.8140625 0.45625 0.0203125 0.025
0 0.9515625 0.709375 0.09375 0.128125
0 0.88828125 0.765625 0.06875 0.0453125
0 0.9203125 0.7578125 0.0203125 0.0046875
0 0.990625 0.87578125 0.01875 0.0328125
0 0.99375 0.92109375 0.0125 0.0203125
0 0.41484375 0.2140625 0.0375 0.0328125
0 0.94140625 0.07265625 0.0359375 0.0484375
0 0.4140625 0.0921875 0.0390625 0.0765625