0 0.19296875 0.93359375 0.0453125 0.0390625
0 0.36953125 0.96015625 0.1015625 0.0640625
0 0.4359375 0.94375 0.0515625 0.059375
0 0.32421875 0.87265625 0.0640625 0.0625
0 0.284375 0.74765625 0.040625 0.0390625
0 0.6875 0.81953125 0.1171875 0.0921875
0 0.34296875 0.75078125 0.0515625 0.05
0 0.61640625 0.71328125 0.075 0.0640625
0 0.34375 0.6265625 0.04375 0.05
0 0.09765625 0.55703125 0.046875 0.0546875
0 0.01328125 0.5171875 0.0265625 0.059375
0 0.0515625 0.4734375 0.046875 0.05
0 0.12421875 0.48125 0.071875 0.084375
0 0.478125 0.53984375 0.103125 0.15625
0 0.0953125 0.41015625 0.04375 0.059375
0 0.8546875 0.52265625 0.0734375 0.115625
0 0.26953125 0.40390625 0.05625 0.0828125
0 0.253125 0.321875 0.046875 0.0515625
0 0.2421875 0.24140625 0.078125 0.065625
0 0.26171875 0.2078125 0.0640625 0.04375
0 0.40078125 0.08828125 0.1140625 0.1125
0 0.1265625 0.01484375 0.059375 0.0296875