0 0.66640625 0.96015625 0.05625 0.04375
0 0.5078125 0.96953125 0.0546875 0.0546875
0 0.578125 0.8671875 0.0796875 0.084375
0 0.87578125 0.765625 0.0375 0.0390625
0 0.70078125 0.7796875 0.071875 0.1125
0 0.5328125 0.79140625 0.06875 0.0546875
0 0.21328125 0.78203125 0.059375 0.0890625
0 0.315625 0.6109375 0.10625 0.115625
0 0.19609375 0.60390625 0.0765625 0.0921875
0 0.51171875 0.51640625 0.0515625 0.06875
0 0.64765625 0.45 0.053125 0.0484375
0 0.43046875 0.4578125 0.0625 0.084375
0 0.23984375 0.471875 0.05 0.0703125
0 0.94609375 0.32265625 0.075 0.1078125
0 0.53515625 0.38984375 0.0484375 0.059375
0 0.8296875 0.3046875 0.0328125 0.0453125
0 0.23515625 0.34140625 0.0734375 0.1125
0 0.76953125 0.2375 0.0484375 0.0546875
0 0.08046875 0.3359375 0.06875 0.0859375
0 0.3453125 0.25703125 0.059375 0.0625
0 0.81484375 0.153125 0.0640625 0.0953125
0 0.7171875 0.05859375 0.125 0.1171875
0 0.1390625 0.134375 0.0625 0.0875