0 0.61796875 0.053125 0.0640625 0.05390625
0 0.3203125 0.14140625 0.14375 0.059375
0 0.10546875 0.14609375 0.0625 0.05
0 0.49921875 0.15078125 0.05703125 0.040625
0 0.72109375 0.1765625 0.06015625 0.059375
0 0.33203125 0.24609375 0.06015625 0.08203125
0 0.615625 0.25234375 0.04453125 0.03203125
0 0.215625 0.3171875 0.040625 0.06171875
0 0.609375 0.34609375 0.08515625 0.07109375
0 0.07421875 0.39921875 0.078125 0.0765625
0 0.3140625 0.48203125 0.03515625 0.05234375
0 0.13359375 0.64453125 0.04609375 0.03359375
0 0.49140625 0.64453125 0.0515625 0.05234375
0 0.44296875 0.7578125 0.0515625 0.04453125
0 0.78671875 0.8625 0.05 0.040625
0 0.45703125 0.86875 0.09765625 0.0984375
0 0.246875 0.97734375 0.09609375 0.040625