0 0.7421875 0.034375 0.04375 0.0328125
0 0.6453125 0.02578125 0.0859375 0.0375
0 0.8234375 0.0421875 0.0421875 0.034375
0 0.68671875 0.178125 0.140625 0.10625
0 0.52265625 0.190625 0.0359375 0.040625
0 0.4484375 0.19921875 0.040625 0.0703125
0 0.825 0.26015625 0.0375 0.059375
0 0.56796875 0.24375 0.059375 0.040625
0 0.42421875 0.2953125 0.040625 0.0421875
0 0.03203125 0.26640625 0.0265625 0.0453125
0 0.52421875 0.31640625 0.075 0.0625
0 0.65546875 0.33984375 0.0546875 0.0796875
0 0.26640625 0.33671875 0.04375 0.0484375
0 0.596875 0.43984375 0.040625 0.0640625
0 0.31953125 0.4234375 0.0484375 0.0484375
0 0.98828125 0.49296875 0.0234375 0.0640625
0 0.81015625 0.48515625 0.0421875 0.04375
0 0.8609375 0.49296875 0.0484375 0.0515625
0 0.384375 0.64453125 0.0421875 0.084375
0 0.94140625 0.78671875 0.0484375 0.0375
0 0.67421875 0.80078125 0.1046875 0.0703125
0 0.58984375 0.875 0.096875 0.1484375
0 0.4078125 0.96484375 0.0421875 0.05625