0 0.28125 0.015625 0.040625 0.03125
0 0.459375 0.0234375 0.09375 0.046875
0 0.521875 0.05234375 0.04296875 0.05234375
0 0.3984375 0.10078125 0.0546875 0.05234375
0 0.3359375 0.215625 0.03515625 0.03359375
0 0.7453125 0.221875 0.1046875 0.07421875
0 0.39375 0.22421875 0.04453125 0.04296875
0 0.6546875 0.3125 0.065625 0.05234375
0 0.37109375 0.34609375 0.03515625 0.04453125
0 0.115625 0.3671875 0.0390625 0.0484375
0 0.0171875 0.38828125 0.03359375 0.05390625
0 0.0546875 0.440625 0.0390625 0.04296875
0 0.12734375 0.446875 0.05859375 0.07421875
0 0.4859375 0.45703125 0.0765625 0.14375
0 0.0859375 0.5109375 0.03359375 0.05390625
0 0.85234375 0.5453125 0.053125 0.1078125
0 0.25546875 0.55 0.04296875 0.0765625
0 0.2234375 0.62734375 0.0390625 0.04453125
0 0.19765625 0.7046875 0.06953125 0.05390625
0 0.21015625 0.74140625 0.05859375 0.03359375
0 0.32421875 0.88515625 0.09765625 0.0953125
0 0.0375 0.92265625 0.05 0.0578125