0 0.55625 0.02578125 0.04375 0.0515625
0 0.39765625 0.01875 0.0453125 0.0234375
0 0.71640625 0.2953125 0.0328125 0.046875
0 0.7578125 0.5421875 0.0765625 0.078125
0 0.8359375 0.7046875 0.0359375 0.065625
0 0.9140625 0.8078125 0.0484375 0.0515625
0 0.8984375 0.953125 0.078125 0.0453125
0 0.309375 0.44609375 0.078125 0.0953125
0 0.209375 0.625 0.0328125 0.0359375
0 0.25078125 0.55234375 0.078125 0.0765625
0 0.3703125 0.5890625 0.0640625 0.05
0 0.43046875 0.56953125 0.015625 0.0296875
0 0.44921875 0.54921875 0.0171875 0.028125
0 0.49609375 0.49375 0.046875 0.0328125
0 0.5484375 0.69375 0.046875 0.0546875
0 0.60234375 0.6046875 0.06875 0.0640625
0 0.5921875 0.82265625 0.1125 0.06875
0 0.246875 0.76640625 0.071875 0.0859375
0 0.3640625 0.81796875 0.0515625 0.0421875
0 0.40859375 0.87734375 0.0375 0.040625
0 0.15234375 0.98515625 0.0515625 0.0296875
0 0.225 0.91953125 0.0328125 0.0734375
0 0.22734375 0.38203125 0.0578125 0.0375
0 0.27578125 0.3359375 0.040625 0.0390625
0 0.3515625 0.21484375 0.0234375 0.0296875
0 0.57421875 0.4078125 0.0453125 0.0296875
0 0.72890625 0.39609375 0.05 0.05
0 0.7046875 0.83359375 0.0390625 0.0453125
0 0.7421875 0.8625 0.0375 0.05
0 0.0703125 0.68359375 0.0203125 0.028125
0 0.30859375 0.6796875 0.0265625 0.0328125
0 0.59375 0.50078125 0.0203125 0.021875
0 0.375 0.51796875 0.0234375 0.021875
0 0.11171875 0.22578125 0.025 0.03125
0 0.44609375 0.85390625 0.0234375 0.0296875
0 0.5375 0.946875 0.0421875 0.0328125
0 0.07265625 0.0453125 0.0578125 0.03125