0 0.23203125 0.95859375 0.04375 0.0359375
0 0.41015625 0.96953125 0.0984375 0.05625
0 0.475 0.94765625 0.0484375 0.05625
0 0.35703125 0.88671875 0.059375 0.0578125
0 0.30703125 0.765625 0.0390625 0.0375
0 0.71484375 0.80234375 0.1125 0.084375
0 0.365625 0.76328125 0.0484375 0.046875
0 0.634375 0.70234375 0.0703125 0.059375
0 0.35546875 0.63984375 0.0390625 0.0484375
0 0.10390625 0.5921875 0.04375 0.0515625
0 0.01328125 0.56015625 0.0265625 0.0578125
0 0.05078125 0.5125 0.04375 0.046875
0 0.12421875 0.5140625 0.065625 0.0796875
0 0.48125 0.54140625 0.090625 0.1515625
0 0.0890625 0.44609375 0.0390625 0.0578125
0 0.85546875 0.49140625 0.0640625 0.1125
0 0.26171875 0.425 0.05 0.08125
0 0.23828125 0.34453125 0.04375 0.0484375
0 0.22109375 0.26484375 0.075 0.0609375
0 0.23671875 0.2296875 0.0625 0.0390625
0 0.365625 0.0984375 0.1078125 0.1046875
0 0.084375 0.03125 0.05625 0.0625