0 0.40546875 0.95234375 0.0671875 0.0578125
0 0.6984375 0.8484375 0.146875 0.0671875
0 0.9125 0.8328125 0.065625 0.053125
0 0.51875 0.8484375 0.059375 0.04375
0 0.29609375 0.834375 0.0625 0.0625
0 0.68125 0.74453125 0.0640625 0.084375
0 0.39765625 0.753125 0.046875 0.034375
0 0.79375 0.66796875 0.04375 0.0640625
0 0.39921875 0.659375 0.0890625 0.075
0 0.93046875 0.578125 0.08125 0.08125
0 0.68671875 0.50859375 0.0375 0.0546875
0 0.85859375 0.33671875 0.0484375 0.0359375
0 0.50078125 0.35546875 0.0546875 0.0546875
0 0.54375 0.23984375 0.053125 0.046875
0 0.19453125 0.153125 0.0515625 0.04375
0 0.5234375 0.1296875 0.103125 0.103125
0 0.72734375 0.01640625 0.0984375 0.0328125