0 0.4734375 0.17734375 0.1265625 0.1390625
0 0.57421875 0.61640625 0.021875 0.0296875
0 0.625 0.634375 0.0875 0.090625
0 0.63046875 0.4453125 0.0578125 0.0796875
0 0.72109375 0.65078125 0.04375 0.0546875
0 0.8296875 0.68359375 0.0609375 0.0484375
0 0.80703125 0.52265625 0.06875 0.0765625
0 0.4640625 0.43828125 0.021875 0.03125
0 0.553125 0.5046875 0.0359375 0.034375
0 0.0875 0.8859375 0.06875 0.0640625
0 0.23828125 0.6734375 0.0296875 0.0359375
0 0.090625 0.45234375 0.034375 0.034375
0 0.33046875 0.56484375 0.034375 0.028125
0 0.36953125 0.41171875 0.034375 0.0484375
0 0.79921875 0.1671875 0.0671875 0.090625
0 0.11484375 0.53125 0.028125 0.0375
0 0.3140625 0.74765625 0.03125 0.025
0 0.571875 0.68984375 0.0328125 0.021875
0 0.31875 0.65390625 0.0203125 0.0296875
0 0.19765625 0.33125 0.0203125 0.0328125
0 0.19453125 0.4125 0.021875 0.0265625
0 0.03828125 0.64453125 0.0765625 0.1359375
0 0.078125 0.70859375 0.071875 0.053125
0 0.04765625 0.69609375 0.0203125 0.0078125
0 0.62421875 0.22890625 0.040625 0.0359375
0 0.12265625 0.0203125 0.0421875 0.040625
0 0.6421875 0.1078125 0.0484375 0.0796875