0 0.70703125 0.92578125 0.09375 0.0625
0 0.43828125 0.8671875 0.078125 0.071875
0 0.65390625 0.84140625 0.0703125 0.05625
0 0.6125 0.76796875 0.08125 0.065625
0 0.7828125 0.725 0.0375 0.0671875
0 0.403125 0.7390625 0.03125 0.0609375
0 0.7890625 0.621875 0.0609375 0.059375
0 0.10625 0.63828125 0.08125 0.0734375
0 0.52265625 0.60546875 0.059375 0.05
0 0.95859375 0.55703125 0.0515625 0.0703125
0 0.8703125 0.48359375 0.025 0.075
0 0.8484375 0.47265625 0.034375 0.0515625
0 0.16953125 0.503125 0.04375 0.0609375
0 0.521875 0.38046875 0.05 0.0515625
0 0.25078125 0.35859375 0.05 0.0515625
0 0.80546875 0.328125 0.0359375 0.0390625
0 0.06328125 0.35859375 0.05 0.075
0 0.39453125 0.3265625 0.046875 0.040625
0 0.4265625 0.32265625 0.0390625 0.0421875
0 0.10234375 0.23359375 0.0546875 0.090625
0 0.28203125 0.18984375 0.0484375 0.0546875
0 0.7734375 0.1609375 0.0609375 0.0671875
0 0.0328125 0.1796875 0.065625 0.065625
0 0.24765625 0.12890625 0.08125 0.0953125
0 0.4640625 0.11796875 0.046875 0.059375
0 0.02890625 0.08359375 0.05625 0.0515625
0 0.78359375 0.01328125 0.0515625 0.0265625