0 0.77109375 0.11171875 0.1 0.075
0 0.496875 0.128125 0.0875 0.0828125
0 0.70546875 0.18671875 0.0765625 0.065625
0 0.653125 0.253125 0.0890625 0.0765625
0 0.8140625 0.321875 0.046875 0.0703125
0 0.44140625 0.2484375 0.040625 0.0640625
0 0.80390625 0.425 0.06875 0.0671875
0 0.13203125 0.30234375 0.090625 0.0828125
0 0.5390625 0.4 0.065625 0.0578125
0 0.96171875 0.51484375 0.0609375 0.075
0 0.8625 0.57421875 0.0359375 0.0765625
0 0.83984375 0.58203125 0.0421875 0.05625
0 0.17421875 0.4453125 0.0515625 0.0671875
0 0.503125 0.62109375 0.05625 0.0578125
0 0.23203125 0.6 0.05625 0.0578125
0 0.775 0.7171875 0.040625 0.04375
0 0.04609375 0.57109375 0.0609375 0.08125
0 0.36875 0.6546875 0.0515625 0.046875
0 0.4 0.6640625 0.0453125 0.046875
0 0.065625 0.70078125 0.0671875 0.0953125
0 0.2359375 0.771875 0.05625 0.0609375
0 0.7171875 0.87734375 0.06875 0.075
0 0.0125 0.7421875 0.025 0.075
0 0.1921875 0.8265625 0.09375 0.1046875
0 0.4046875 0.871875 0.05625 0.065625