0 0.69765625 0.94765625 0.0578125 0.046875
0 0.540625 0.96796875 0.0578125 0.05625
0 0.60390625 0.8609375 0.0828125 0.0875
0 0.89375 0.73828125 0.0390625 0.040625
0 0.71953125 0.76484375 0.078125 0.1140625
0 0.553125 0.78828125 0.071875 0.0578125
0 0.23359375 0.8015625 0.0640625 0.090625
0 0.32421875 0.6234375 0.1125 0.1203125
0 0.20390625 0.62421875 0.08125 0.0953125
0 0.5125 0.515625 0.0546875 0.071875
0 0.64375 0.43984375 0.0546875 0.05
0 0.428125 0.4625 0.0671875 0.0859375
0 0.23828125 0.490625 0.053125 0.071875
0 0.9328125 0.2921875 0.08125 0.109375
0 0.52734375 0.3875 0.0515625 0.0625
0 0.815625 0.28203125 0.0359375 0.0453125
0 0.22421875 0.36015625 0.08125 0.1140625
0 0.75078125 0.21953125 0.0515625 0.05625
0 0.0703125 0.365625 0.0734375 0.0875
0 0.32890625 0.26796875 0.0625 0.0640625
0 0.78984375 0.13203125 0.0703125 0.096875
0 0.6859375 0.053125 0.13125 0.10625
0 0.1140625 0.1609375 0.0671875 0.0890625