0 0.28203125 0.01484375 0.07109375 0.0296875
0 0.3640625 0.01796875 0.0890625 0.03515625
0 0.66015625 0.11953125 0.08671875 0.05625
0 0.4265625 0.25234375 0.11015625 0.0984375
0 0.32734375 0.26875 0.03359375 0.046875
0 0.3203125 0.3875 0.09375 0.115625
0 0.65546875 0.53046875 0.09609375 0.0859375
0 0.89609375 0.55390625 0.0546875 0.06484375
0 0.440625 0.58203125 0.05 0.046875
0 0.0046875 0.62265625 0.00859375 0.05390625
0 0.259375 0.6328125 0.06015625 0.0671875
0 0.596875 0.65859375 0.08515625 0.09140625
0 0.265625 0.74609375 0.0515625 0.05
0 0.3703125 0.8578125 0.03359375 0.046875
0 0.01484375 0.87421875 0.0296875 0.0671875
0 0.24609375 0.884375 0.03359375 0.040625
0 0.18046875 0.95 0.04453125 0.05625
0 0.23359375 0.9640625 0.04453125 0.06484375