0 0.3703125 0.0375 0.0453125 0.059375
0 0.525 0.01015625 0.046875 0.0203125
0 0.25390625 0.33203125 0.034375 0.0484375
0 0.25234375 0.58203125 0.0765625 0.0796875
0 0.2 0.7546875 0.0359375 0.065625
0 0.1390625 0.86875 0.05 0.0515625
0 0.1765625 0.99296875 0.078125 0.0140625
0 0.68046875 0.41640625 0.0796875 0.096875
0 0.80625 0.578125 0.0328125 0.0359375
0 0.7546875 0.51328125 0.078125 0.0765625
0 0.6421875 0.5671875 0.0640625 0.05
0 0.5796875 0.5578125 0.0171875 0.0296875
0 0.5578125 0.540625 0.0171875 0.028125
0 0.50234375 0.49375 0.0484375 0.034375
0 0.48203125 0.69921875 0.0484375 0.05625
0 0.415625 0.61953125 0.06875 0.065625
0 0.459375 0.8328125 0.1140625 0.0703125
0 0.79140625 0.72421875 0.0734375 0.0875
0 0.684375 0.79296875 0.0515625 0.0421875
0 0.64921875 0.85859375 0.0375 0.0421875
0 0.9203125 0.93671875 0.053125 0.05625
0 0.8375 0.87109375 0.034375 0.0734375
0 0.75078125 0.340625 0.059375 0.0390625
0 0.69609375 0.30234375 0.040625 0.0390625
0 0.60234375 0.1953125 0.0234375 0.03125
0 0.4125 0.4203125 0.0453125 0.0296875
0 0.25703125 0.43359375 0.0515625 0.0515625
0 0.35 0.86171875 0.0390625 0.0453125
0 0.3171875 0.89609375 0.0375 0.0515625
0 0.953125 0.6140625 0.0203125 0.028125
0 0.71640625 0.64765625 0.028125 0.0328125
0 0.40703125 0.51484375 0.0203125 0.021875
0 0.62578125 0.4984375 0.0234375 0.021875
0 0.840625 0.16796875 0.0265625 0.03125
0 0.60859375 0.84140625 0.025 0.03125
0 0.5328125 0.94765625 0.0421875 0.0328125