0 0.41640625 0.01796875 0.0515625 0.03515625
0 0.57421875 0.0359375 0.04765625 0.046875
0 0.48671875 0.125 0.0671875 0.07421875
0 0.17578125 0.1734375 0.03203125 0.03359375
0 0.35078125 0.18984375 0.0546875 0.10390625
0 0.51796875 0.20703125 0.0625 0.04453125
0 0.83125 0.271875 0.04609375 0.08203125
0 0.70078125 0.42265625 0.090625 0.10078125
0 0.8171875 0.45078125 0.0640625 0.08203125
0 0.49140625 0.48203125 0.040625 0.06328125
0 0.34609375 0.5234375 0.04609375 0.040625
0 0.5609375 0.55390625 0.05 0.0765625
0 0.7515625 0.57265625 0.0390625 0.06484375
0 0.0296875 0.596875 0.05859375 0.0984375
0 0.44609375 0.60234375 0.0390625 0.05390625
0 0.14140625 0.63515625 0.0265625 0.040625
0 0.73359375 0.70234375 0.05703125 0.10390625
0 0.1890625 0.71171875 0.040625 0.0484375
0 0.884375 0.734375 0.05703125 0.0765625
0 0.61015625 0.76640625 0.0515625 0.05390625
0 0.1296875 0.78671875 0.05 0.0875
0 0.20859375 0.9 0.10859375 0.10625
0 0.7921875 0.92265625 0.05 0.0796875