0 0.29375 0.82265625 0.0765625 0.065625
0 0.2515625 0.753125 0.059375 0.0484375
0 0.35546875 0.775 0.065625 0.0765625
0 0.421875 0.78125 0.059375 0.06875
0 0.24375 0.68359375 0.0578125 0.065625
0 0.33828125 0.6984375 0.1453125 0.0859375
0 0.49375 0.6421875 0.0234375 0.040625
0 0.26875 0.590625 0.0359375 0.0453125
0 0.3921875 0.60625 0.0703125 0.075
0 0.31875 0.56796875 0.0578125 0.0765625
0 0.58671875 0.4046875 0.0359375 0.0421875
0 0.62109375 0.284375 0.03125 0.0375
0 0.2890625 0.1890625 0.0703125 0.078125
0 0.1125 0.12578125 0.1 0.0953125
0 0.5390625 0.215625 0.0609375 0.0625
0 0.3765625 0.17578125 0.04375 0.040625
0 0.09765625 0.04765625 0.034375 0.0484375
0 0.371875 0.04140625 0.08125 0.0625
0 0.96328125 0.1125 0.0359375 0.0515625