0 0.39609375 0.80625 0.1015625 0.11796875
0 0.6 0.4046875 0.015625 0.0265625
0 0.65390625 0.4 0.071875 0.07578125
0 0.61328125 0.584375 0.0421875 0.07109375
0 0.75078125 0.40703125 0.0328125 0.0484375
0 0.8640625 0.4015625 0.05390625 0.03671875
0 0.803125 0.55234375 0.0546875 0.065625
0 0.45 0.55078125 0.015625 0.02890625
0 0.55234375 0.50859375 0.0296875 0.02734375
0 0.19296875 0.02578125 0.0578125 0.0515625
0 0.28828125 0.26875 0.0234375 0.03125
0 0.09140625 0.446875 0.02890625 0.028125
0 0.3515625 0.39609375 0.03046875 0.02109375
0 0.35234375 0.55390625 0.025 0.04296875
0 0.71015625 0.8953125 0.04921875 0.08125
0 0.13359375 0.3765625 0.02109375 0.0328125
0 0.3796875 0.21484375 0.028125 0.01953125
0 0.615625 0.3328125 0.0296875 0.01484375
0 0.3609375 0.30703125 0.0140625 0.0265625
0 0.165625 0.590625 0.0140625 0.0296875
0 0.1828125 0.5109375 0.0171875 0.0234375
0 0.978125 0.03125 0.0140625 0.025
0 0.96953125 0.9875 0.015625 0.025
0 0.07265625 0.24453125 0.08203125 0.11953125
0 0.14140625 0.1953125 0.06484375 0.03828125
0 0.10859375 0.2 0.0203125 0.00234375
0 0.04453125 0.0734375 0.02890625 0.03046875
0 0.0453125 0.028125 0.0265625 0.01796875
0 0.5546875 0.79296875 0.034375 0.02890625
0 0.01640625 0.87890625 0.03125 0.04609375
0 0.54296875 0.91484375 0.03203125 0.0734375