0 0.29921875 0.01484375 0.040625 0.0296875
0 0.396875 0.01484375 0.08359375 0.0296875
0 0.21796875 0.015625 0.0390625 0.03125
0 0.3421875 0.16328125 0.13359375 0.0953125
0 0.5046875 0.18984375 0.03203125 0.0375
0 0.57734375 0.2046875 0.03515625 0.0671875
0 0.196875 0.2328125 0.03203125 0.05625
0 0.4546875 0.2390625 0.05703125 0.03515625
0 0.59375 0.30234375 0.0375 0.0390625
0 0.98671875 0.3078125 0.0234375 0.04296875
0 0.4921875 0.31484375 0.07109375 0.05625
0 0.359375 0.3265625 0.04765625 0.0765625
0 0.746875 0.3578125 0.040625 0.04453125
0 0.40859375 0.43125 0.03515625 0.06171875
0 0.68671875 0.43984375 0.04453125 0.04453125
0 0.01171875 0.45 0.0234375 0.06171875
0 0.1921875 0.4578125 0.0390625 0.040625
0 0.14140625 0.46171875 0.04453125 0.0484375
0 0.60234375 0.65390625 0.03515625 0.08203125
0 0.03515625 0.746875 0.04609375 0.03359375
0 0.3 0.784375 0.09921875 0.06171875
0 0.378125 0.865625 0.08515625 0.14140625
0 0.5515625 0.97109375 0.0375 0.05390625
0 0.16875 0.98828125 0.053125 0.0203125