0 0.684375 0.0640625 0.090625 0.0578125
0 0.41953125 0.13671875 0.07421875 0.06875
0 0.6359375 0.15078125 0.0671875 0.05234375
0 0.5984375 0.2265625 0.078125 0.06171875
0 0.7703125 0.26015625 0.03359375 0.06484375
0 0.390625 0.26640625 0.028125 0.059375
0 0.78203125 0.36328125 0.05859375 0.05625
0 0.09921875 0.3828125 0.078125 0.06875
0 0.5171875 0.39375 0.05703125 0.046875
0 0.9546875 0.41875 0.04765625 0.0671875
0 0.8703125 0.496875 0.02109375 0.07421875
0 0.84921875 0.509375 0.03203125 0.05
0 0.16953125 0.5140625 0.040625 0.059375
0 0.528125 0.61796875 0.04765625 0.0484375
0 0.25859375 0.65390625 0.04765625 0.0484375
0 0.8140625 0.65546875 0.03359375 0.0375
0 0.07109375 0.6640625 0.04609375 0.07265625
0 0.40390625 0.67890625 0.04453125 0.0390625
0 0.4359375 0.68125 0.0375 0.040625
0 0.1171875 0.78671875 0.05 0.0875
0 0.2984375 0.82109375 0.04609375 0.05234375
0 0.790625 0.82421875 0.05703125 0.06484375
0 0.04765625 0.84453125 0.0671875 0.06171875
0 0.2671875 0.88359375 0.0765625 0.09140625
0 0.484375 0.88359375 0.04453125 0.0578125
0 0.0515625 0.940625 0.053125 0.0484375
0 0.01171875 0.97578125 0.0234375 0.04453125
0 0.81015625 0.97890625 0.05 0.0390625