0 0.00859375 0.05234375 0.0171875 0.0546875
0 0.365625 0.14140625 0.0671875 0.05234375
0 0.309375 0.20078125 0.053125 0.0375
0 0.415625 0.20078125 0.053125 0.0671875
0 0.48203125 0.20859375 0.04765625 0.059375
0 0.2875 0.2671875 0.04609375 0.0578125
0 0.3828125 0.271875 0.13671875 0.059375
0 0.5234375 0.359375 0.015625 0.0375
0 0.29296875 0.36328125 0.028125 0.040625
0 0.41640625 0.3734375 0.05859375 0.06484375
0 0.33671875 0.39609375 0.04453125 0.06875
0 0.56484375 0.6109375 0.028125 0.0375
0 0.5734375 0.7359375 0.025 0.03359375
0 0.22890625 0.76015625 0.05703125 0.0671875
0 0.04296875 0.78515625 0.08515625 0.0796875
0 0.47890625 0.7859375 0.0515625 0.05234375
0 0.31171875 0.79140625 0.0375 0.03359375
0 0.0125 0.85859375 0.025 0.04453125
0 0.2796875 0.921875 0.07265625 0.0484375
0 0.87265625 0.975 0.0265625 0.046875