0 0.64140625 0.06015625 0.0671875 0.0578125
0 0.3390625 0.1328125 0.146875 0.0671875
0 0.12421875 0.12578125 0.065625 0.053125
0 0.5171875 0.1515625 0.059375 0.04375
0 0.7375 0.18828125 0.0625 0.0625
0 0.3453125 0.2375 0.0640625 0.084375
0 0.628125 0.25859375 0.046875 0.034375
0 0.22578125 0.30234375 0.04375 0.0640625
0 0.6171875 0.35234375 0.0890625 0.075
0 0.0796875 0.37734375 0.08125 0.08125
0 0.315625 0.47265625 0.0375 0.0546875
0 0.1265625 0.625 0.0484375 0.0359375
0 0.48359375 0.64375 0.0546875 0.0546875
0 0.4296875 0.7546875 0.053125 0.046875
0 0.7671875 0.87734375 0.0515625 0.04375
0 0.4375 0.865625 0.103125 0.103125
0 0.221875 0.96328125 0.0984375 0.0453125