0 0.178125 0.0765625 0.0765625 0.0453125
0 0.259375 0.0609375 0.0953125 0.0546875
0 0.5703125 0.09296875 0.096875 0.075
0 0.37265625 0.275 0.1296875 0.1203125
0 0.2796875 0.31328125 0.04375 0.053125
0 0.3 0.43046875 0.1171875 0.134375
0 0.65859375 0.49453125 0.1125 0.1046875
0 0.8984375 0.46328125 0.0671875 0.075
0 0.4609375 0.59296875 0.059375 0.05625
0 0.0453125 0.73125 0.0203125 0.0546875
0 0.2953125 0.68359375 0.0734375 0.0796875
0 0.6296875 0.6328125 0.103125 0.1078125
0 0.32734375 0.7921875 0.0609375 0.0609375
0 0.45390625 0.878125 0.04375 0.053125
0 0.1109375 0.96875 0.04375 0.0625
0 0.3390625 0.93125 0.0421875 0.046875
0 0.2890625 0.9890625 0.05625 0.021875
0 0.34453125 0.9875 0.0578125 0.025