0 0.22578125 0.05234375 0.0453125 0.0359375
0 0.321875 0.03671875 0.0875 0.0421875
0 0.1453125 0.065625 0.04375 0.0375
0 0.29140625 0.1921875 0.146875 0.115625
0 0.45625 0.19296875 0.0375 0.0421875
0 0.53046875 0.19609375 0.0453125 0.071875
0 0.15859375 0.28359375 0.040625 0.0609375
0 0.4140625 0.24921875 0.0625 0.04375
0 0.56171875 0.28984375 0.04375 0.04375
0 0.95078125 0.234375 0.0296875 0.046875
0 0.46328125 0.31796875 0.0796875 0.0671875
0 0.33359375 0.35078125 0.059375 0.0828125
0 0.721875 0.32109375 0.046875 0.05
0 0.39921875 0.44609375 0.04375 0.0671875
0 0.675 0.41171875 0.0515625 0.0515625
0 0.01328125 0.52734375 0.0265625 0.0640625
0 0.1890625 0.50625 0.0453125 0.046875
0 0.13984375 0.51796875 0.0515625 0.0546875
0 0.625 0.6359375 0.046875 0.0859375
0 0.0796875 0.81640625 0.0515625 0.040625
0 0.346875 0.8125 0.1078125 0.0765625
0 0.43671875 0.88046875 0.10625 0.153125
0 0.625 0.95703125 0.0453125 0.059375