0 0.33515625 0.1546875 0.071875 0.0578125
0 0.284375 0.21875 0.05625 0.0421875
0 0.38984375 0.209375 0.059375 0.071875
0 0.45703125 0.2109375 0.053125 0.0640625
0 0.26796875 0.28671875 0.0515625 0.0609375
0 0.36328125 0.2828125 0.140625 0.0703125
0 0.5109375 0.3578125 0.01875 0.0390625
0 0.28203125 0.38203125 0.03125 0.0421875
0 0.40546875 0.38125 0.0640625 0.0703125
0 0.328125 0.4109375 0.05 0.071875
0 0.57421875 0.6046875 0.03125 0.0390625
0 0.59375 0.72890625 0.028125 0.0359375
0 0.25234375 0.7828125 0.0625 0.071875
0 0.06953125 0.82421875 0.0921875 0.0875
0 0.50390625 0.78671875 0.05625 0.05625
0 0.3375 0.80703125 0.040625 0.0375
0 0.0453125 0.9 0.028125 0.046875
0 0.3171875 0.93984375 0.0765625 0.0546875
0 0.9125 0.940625 0.03125 0.0484375