0 0.74296875 0.9734375 0.071875 0.0328125
0 0.6609375 0.97421875 0.090625 0.0390625
0 0.36015625 0.88828125 0.0890625 0.0609375
0 0.5859375 0.74375 0.115625 0.1046875
0 0.684375 0.721875 0.0359375 0.0484375
0 0.68515625 0.603125 0.1 0.1203125
0 0.34296875 0.47734375 0.1 0.090625
0 0.1015625 0.4671875 0.0578125 0.0671875
0 0.5546875 0.41484375 0.053125 0.05
0 0.98828125 0.3515625 0.0109375 0.0546875
0 0.73359375 0.3546875 0.0640625 0.0703125
0 0.3953125 0.346875 0.0890625 0.0953125
0 0.72109375 0.2421875 0.0546875 0.053125
0 0.6109375 0.1359375 0.0359375 0.0484375
0 0.96484375 0.10078125 0.0328125 0.06875
0 0.73359375 0.103125 0.0359375 0.0421875
0 0.7953125 0.03359375 0.046875 0.0578125
0 0.74140625 0.028125 0.0484375 0.05625