0 0.3875 0.0453125 0.071875 0.08046875
0 0.6796875 0.20625 0.06484375 0.07265625
0 0.5828125 0.7640625 0.04765625 0.04609375
0 0.60625 0.6859375 0.0859375 0.08359375
0 0.38046875 0.67421875 0.034375 0.04375
0 0.2046875 0.2875 0.0421875 0.0359375
0 0.24609375 0.215625 0.0484375 0.05
0 0.16171875 0.0140625 0.034375 0.0234375
0 0.93125 0.10703125 0.01875 0.05625
0 0.49140625 0.58359375 0.02734375 0.040625
0 0.55078125 0.53359375 0.0265625 0.03671875
0 0.34296875 0.503125 0.0375 0.0453125
0 0.3296875 0.44296875 0.0265625 0.0203125
0 0.73125 0.98046875 0.03203125 0.03515625
0 0.5203125 0.33203125 0.0171875 0.02265625
0 0.36875 0.3890625 0.0140625 0.028125
0 0.884375 0.01796875 0.046875 0.03125
0 0.7125 0.43046875 0.01484375 0.028125
0 0.78125 0.40234375 0.02265625 0.021875
0 0.8265625 0.49609375 0.01796875 0.0484375
0 0.86328125 0.2265625 0.01640625 0.0296875
0 0.0359375 0.009375 0.0234375 0.00546875
0 0.82109375 0.67109375 0.03515625 0.025
0 0.6765625 0.3703125 0.01796875 0.015625
0 0.42890625 0.30625 0.0203125 0.01171875
0 0.99453125 0.2421875 0.0109375 0.0203125