0 0.3265625 0.7265625 0.0515625 0.05
0 0.47890625 0.71015625 0.04375 0.0578125
0 0.51875 0.6703125 0.0265625 0.0265625
0 0.459375 0.540625 0.03125 0.0296875
0 0.62890625 0.33046875 0.0875 0.0671875
0 0.8203125 0.2 0.0390625 0.0421875
0 0.571875 0.446875 0.028125 0.021875
0 0.67421875 0.4953125 0.0484375 0.05625
0 0.0796875 0.628125 0.0671875 0.08125
0 0.02265625 0.50625 0.0453125 0.04375
0 0.11328125 0.5078125 0.0421875 0.03125
0 0.11171875 0.2734375 0.0328125 0.0234375
0 0.19296875 0.32109375 0.08125 0.06875
0 0.23515625 0.1859375 0.0328125 0.04375
0 0.259375 0.275 0.01875 0.028125
0 0.28046875 0.33359375 0.0171875 0.0203125
0 0.35546875 0.33125 0.0265625 0.028125
0 0.371875 0.37890625 0.0640625 0.06875
0 0.37890625 0.1484375 0.046875 0.071875
0 0.4375 0.19140625 0.0296875 0.0203125
0 0.37265625 0.61796875 0.0421875 0.03125
0 0.63125 0.96171875 0.034375 0.0328125
0 0.67578125 0.92265625 0.0484375 0.04375
0 0.53046875 0.51171875 0.028125 0.0515625
0 0.059375 0.26640625 0.034375 0.0546875
0 0.1953125 0.7046875 0.0265625 0.01875
0 0.20625 0.66796875 0.021875 0.0109375
0 0.32734375 0.48515625 0.034375 0.059375
0 0.88125 0.35703125 0.034375 0.034375
0 0.634375 0.11484375 0.034375 0.05
0 0.721875 0.671875 0.0390625 0.0375
0 0.3609375 0.02265625 0.0203125 0.0203125
0 0.53203125 0.36171875 0.0140625 0.021875
0 0.53203125 0.23984375 0.01875 0.0203125
0 0.390625 0.4625 0.0140625 0.009375
0 0.35234375 0.80390625 0.0265625 0.025
0 0.03984375 0.3421875 0.01875 0.015625
0 0.23515625 0.11015625 0.0171875 0.01875
0 0.3171875 0.24296875 0.01875 0.0125
0 0.76640625 0.01796875 0.0234375 0.0265625
0 0.55546875 0.6921875 0.0171875 0.021875
0 0.9734375 0.93515625 0.0203125 0.0125