0 0.3609375 0.53828125 0.0921875 0.09375
0 0.2078125 0.46796875 0.0921875 0.1203125
0 0.21953125 0.12109375 0.1625 0.10625
0 0.35234375 0.2421875 0.0328125 0.0359375
0 0.41875 0.20078125 0.0515625 0.0328125
0 0.415625 0.14140625 0.0515625 0.0421875
0 0.6890625 0.1328125 0.0671875 0.0625
0 0.89765625 0.47890625 0.0546875 0.0515625
0 0.73125 0.73203125 0.065625 0.0796875
0 0.23828125 0.8046875 0.0296875 0.0265625
0 0.25859375 0.759375 0.03125 0.0203125
0 0.34453125 0.70234375 0.0296875 0.0328125
0 0.3640625 0.6453125 0.0265625 0.04375
0 0.40234375 0.6625 0.0546875 0.0640625
0 0.24375 0.8921875 0.1109375 0.0765625
0 0.6421875 0.9140625 0.0390625 0.05
0 0.29921875 0.4171875 0.0296875 0.0328125
0 0.38125 0.36953125 0.0296875 0.04375
0 0.53125 0.43984375 0.034375 0.0421875
0 0.3 0.22578125 0.05 0.04375
0 0.4875 0.28125 0.0234375 0.0265625
0 0.57265625 0.321875 0.021875 0.03125
0 0.16015625 0.34140625 0.0296875 0.04375
0 0.0140625 0.5359375 0.0265625 0.0265625
0 0.71015625 0.9875 0.0421875 0.025
0 0.79609375 0.9265625 0.03125 0.0328125
0 0.57265625 0.453125 0.0234375 0.0328125
0 0.84453125 0.55625 0.040625 0.0359375
0 0.2203125 0.6015625 0.0171875 0.0171875
0 0.4203125 0.5421875 0.0171875 0.025
0 0.73515625 0.10078125 0.025 0.025
0 0.53984375 0.6234375 0.028125 0.0375