0 0.39296875 0.73046875 0.01953125 0.0203125
0 0.409375 0.759375 0.02109375 0.0234375
0 0.49609375 0.71328125 0.0875 0.08515625
0 0.71640625 0.928125 0.07734375 0.0890625
0 0.94453125 0.5734375 0.025 0.0609375
0 0.9484375 0.44921875 0.0484375 0.04453125
0 0.70078125 0.0171875 0.03515625 0.0296875
0 0.38515625 0.26171875 0.04375 0.03046875
0 0.1546875 0.6078125 0.02890625 0.06796875
0 0.2265625 0.865625 0.0421875 0.0328125
0 0.27734375 0.81875 0.02421875 0.0234375
0 0.5609375 0.52578125 0.02421875 0.02890625
0 0.23203125 0.1859375 0.0796875 0.08046875
0 0.3109375 0.13203125 0.0328125 0.05625
0 0.3625 0.14375 0.0296875 0.0421875
0 0.484375 0.2234375 0.0203125 0.0359375
0 0.52109375 0.23046875 0.02265625 0.025
0 0.646875 0.534375 0.03828125 0.0328125
0 0.71484375 0.525 0.0234375 0.06796875
0 0.2171875 0.37109375 0.01484375 0.025
0 0.215625 0.5140625 0.02421875 0.0171875
0 0.09765625 0.34609375 0.0203125 0.025
0 0.41953125 0.4765625 0.0171875 0.021875
0 0.30078125 0.65 0.0171875 0.0203125