0 0.6140625 0.4125 0.0921875 0.09375
0 0.7828125 0.4203125 0.0921875 0.1203125
0 0.90234375 0.746875 0.1625 0.10625
0 0.73359375 0.68359375 0.0328125 0.0359375
0 0.6875 0.746875 0.0515625 0.0328125
0 0.7125 0.80078125 0.0515625 0.0421875
0 0.4625 0.91171875 0.0671875 0.0625
0 0.13984375 0.66875 0.0546875 0.0515625
0 0.19921875 0.371875 0.065625 0.0796875
0 0.628125 0.11953125 0.0296875 0.0265625
0 0.6265625 0.16875 0.03125 0.0203125
0 0.56875 0.2546875 0.0296875 0.0328125
0 0.57109375 0.3140625 0.0265625 0.04375
0 0.5296875 0.3125 0.0546875 0.0640625
0 0.590625 0.040625 0.1109375 0.0765625
0 0.2125 0.16875 0.0390625 0.05
0 0.7171875 0.5015625 0.0296875 0.0328125
0 0.65859375 0.5765625 0.0296875 0.04375
0 0.49296875 0.5671875 0.034375 0.0421875
0 0.78828125 0.6796875 0.05 0.04375
0 0.59375 0.6984375 0.0234375 0.0265625
0 0.49921875 0.69296875 0.021875 0.03125
0 0.875 0.51953125 0.0296875 0.04375
0 0.9375 0.284375 0.0265625 0.0265625
0 0.11875 0.11953125 0.0421875 0.0390625
0 0.065625 0.21484375 0.03125 0.0328125
0 0.45 0.57109375 0.0234375 0.0328125
0 0.159375 0.57734375 0.040625 0.0359375
0 0.721875 0.30078125 0.0171875 0.0171875
0 0.55859375 0.43125 0.0171875 0.025
0 0.43125 0.95859375 0.025 0.025
0 0.4171875 0.40078125 0.028125 0.0375