0 0.33671875 0.025 0.04453125 0.04453125
0 0.36640625 0.084375 0.04140625 0.0484375
0 0.6734375 0.0546875 0.03984375 0.03828125
0 0.653125 0.1671875 0.10234375 0.07734375
0 0.85390625 0.2609375 0.06484375 0.05703125
0 0.91796875 0.44765625 0.03125 0.046875
0 0.83046875 0.6484375 0.0609375 0.0625
0 0.67578125 0.62734375 0.0640625 0.09140625
0 0.7109375 0.884375 0.02421875 0.08359375
0 0.39609375 0.89765625 0.03828125 0.04453125
0 0.37734375 0.6171875 0.06328125 0.04609375
0 0.25859375 0.290625 0.03515625 0.02265625
0 0.353125 0.428125 0.0265625 0.03984375
0 0.37578125 0.4484375 0.03828125 0.03125
0 0.45703125 0.53671875 0.0296875 0.0375
0 0.509375 0.290625 0.03046875 0.0390625
0 0.3328125 0.20078125 0.0484375 0.04453125
0 0.43203125 0.2 0.0859375 0.0484375
0 0.2625 0.9265625 0.10625 0.06875
0 0.04140625 0.7421875 0.06015625 0.04375
0 0.0203125 0.0875 0.03984375 0.075
0 0.9890625 0.678125 0.02109375 0.0375