0 0.6046875 0.95625 0.0734375 0.08125
0 0.31484375 0.790625 0.065625 0.0734375
0 0.421875 0.234375 0.0484375 0.046875
0 0.396875 0.3125 0.0875 0.084375
0 0.62265625 0.328125 0.034375 0.04375
0 0.79140625 0.71796875 0.0421875 0.0359375
0 0.74921875 0.7890625 0.05 0.0515625
0 0.8296875 0.98984375 0.034375 0.0203125
0 0.06171875 0.88515625 0.0203125 0.05625
0 0.51015625 0.41640625 0.028125 0.040625
0 0.45 0.465625 0.0265625 0.0375
0 0.65703125 0.5 0.0390625 0.0453125
0 0.66953125 0.56015625 0.0265625 0.0203125
0 0.27734375 0.01640625 0.0328125 0.0328125
0 0.4765625 0.66796875 0.0171875 0.0234375
0 0.62890625 0.61328125 0.0140625 0.028125
0 0.10703125 0.975 0.046875 0.0328125
0 0.2859375 0.565625 0.015625 0.028125
0 0.2171875 0.59296875 0.0234375 0.021875
0 0.1734375 0.4984375 0.01875 0.0484375
0 0.13203125 0.7671875 0.0171875 0.0296875
0 0.95546875 0.99765625 0.0234375 0.0046875
0 0.18203125 0.3234375 0.0359375 0.025
0 0.32109375 0.6265625 0.01875 0.015625
0 0.56796875 0.6953125 0.0203125 0.0125
0 0.003125 0.74921875 0.00625 0.0203125