0 0.38125 0.27578125 0.0203125 0.021875
0 0.39609375 0.24609375 0.021875 0.025
0 0.48515625 0.2875 0.0921875 0.0890625
0 0.69375 0.0609375 0.08125 0.09375
0 0.93984375 0.403125 0.028125 0.0625
0 0.95078125 0.52734375 0.05 0.046875
0 0.72578125 0.971875 0.0359375 0.03125
0 0.39765625 0.74375 0.0453125 0.0328125
0 0.14921875 0.41015625 0.0328125 0.06875
0 0.2078125 0.14921875 0.04375 0.034375
0 0.2609375 0.19296875 0.025 0.025
0 0.559375 0.47109375 0.025 0.0296875
0 0.24921875 0.82734375 0.084375 0.084375
0 0.33046875 0.87734375 0.0359375 0.0578125
0 0.38125 0.86328125 0.03125 0.04375
0 0.49921875 0.77734375 0.021875 0.0375
0 0.53515625 0.76796875 0.0234375 0.0265625
0 0.64453125 0.4578125 0.040625 0.034375
0 0.71328125 0.4640625 0.0265625 0.06875
0 0.22421875 0.64375 0.015625 0.025
0 0.215625 0.50078125 0.025 0.01875
0 0.10625 0.675 0.021875 0.0265625
0 0.42109375 0.52734375 0.01875 0.0234375
0 0.29296875 0.3609375 0.01875 0.021875