0 0.8953125 0.5671875 0.06875 0.05
0 0.8625 0.678125 0.04375 0.040625
0 0.6125 0.9375 0.0640625 0.0421875
0 0.68359375 0.92265625 0.05625 0.059375
0 0.5953125 0.45390625 0.0921875 0.1109375
0 0.45625 0.021875 0.0234375 0.04375
0 0.5015625 0.10859375 0.0390625 0.0375
0 0.20546875 0.19375 0.03125 0.01875
0 0.28671875 0.225 0.04375 0.03125
0 0.134375 0.23359375 0.046875 0.0515625
0 0.22265625 0.31015625 0.0375 0.0296875
0 0.3953125 0.803125 0.09375 0.0875
0 0.51484375 0.7796875 0.05 0.06875
0 0.18203125 0.7875 0.03125 0.040625
0 0.046875 0.45078125 0.0625 0.0421875
0 0.128125 0.5046875 0.03125 0.025
0 0.36640625 0.29140625 0.025 0.025
0 0.36015625 0.48125 0.0125 0.028125
0 0.35546875 0.56484375 0.021875 0.021875
0 0.03828125 0.20625 0.075 0.121875
0 0.45234375 0.31875 0.015625 0.0296875
0 0.4640625 0.378125 0.0421875 0.046875
0 0.04375 0.55390625 0.059375 0.04375
0 0.13515625 0.56796875 0.0328125 0.028125
0 0.05859375 0.303125 0.028125 0.0390625
0 0.10703125 0.31640625 0.0640625 0.0546875
0 0.240625 0.68046875 0.021875 0.021875
0 0.34765625 0.8984375 0.025 0.0328125
0 0.39765625 0.92890625 0.0328125 0.021875
0 0.36796875 0.134375 0.015625 0.025
0 0.93203125 0.45234375 0.0203125 0.021875
0 0.709375 0.11640625 0.028125 0.05
0 0.03046875 0.91796875 0.028125 0.0265625
0 0.96015625 0.9734375 0.015625 0.015625
0 0.74921875 0.75 0.025 0.015625
0 0.1015625 0.97265625 0.015625 0.015625