0 0.3 0.29609375 0.046875 0.0453125
0 0.453125 0.29375 0.0375 0.053125
0 0.49765625 0.32890625 0.02421875 0.0234375
0 0.4546875 0.46484375 0.02890625 0.0265625
0 0.6484375 0.65234375 0.08046875 0.0578125
0 0.8546875 0.75859375 0.034375 0.03828125
0 0.578125 0.54375 0.02578125 0.01953125
0 0.6734375 0.48359375 0.04296875 0.0515625
0 0.0671875 0.42421875 0.05859375 0.07421875
0 0.02421875 0.5515625 0.04375 0.03828125
0 0.11484375 0.5390625 0.0390625 0.0265625
0 0.1421875 0.771875 0.03125 0.0203125
0 0.2171875 0.71484375 0.07421875 0.059375
0 0.275 0.84375 0.028125 0.03984375
0 0.28828125 0.75234375 0.01484375 0.0265625
0 0.30234375 0.6921875 0.01484375 0.01796875
0 0.37734375 0.68515625 0.0234375 0.025
0 0.3875 0.6359375 0.05625 0.06171875
0 0.42265625 0.8640625 0.0390625 0.06796875
0 0.47578125 0.8140625 0.02734375 0.0171875
0 0.359375 0.3984375 0.0390625 0.0265625
0 0.17734375 0.0203125 0.0375 0.03125
0 0.57421875 0.02578125 0.03046875 0.0296875
0 0.62265625 0.059375 0.04375 0.0390625
0 0.0515625 0.03125 0.03046875 0.025
0 0.52890625 0.484375 0.02265625 0.04921875
0 0.09140625 0.78515625 0.02890625 0.05078125
0 0.17265625 0.33359375 0.025 0.01640625
0 0.18828125 0.36875 0.02109375 0.00859375
0 0.33046875 0.5359375 0.028125 0.05625
0 0.89609375 0.5953125 0.03046875 0.03046875
0 0.68046875 0.865625 0.0296875 0.04609375
0 0.69921875 0.30234375 0.0359375 0.0328125
0 0.4203125 0.990625 0.01875 0.01875
0 0.5484375 0.63359375 0.0109375 0.0203125
0 0.56328125 0.7546875 0.01640625 0.01875
0 0.39609375 0.55078125 0.01328125 0.00859375
0 0.31640625 0.21640625 0.02421875 0.02265625
0 0.0625 0.7125 0.01796875 0.01328125
0 0.284375 0.91953125 0.015625 0.0171875
0 0.35 0.77734375 0.0171875 0.01015625
0 0.8234375 0.94609375 0.0203125 0.02421875
0 0.53125 0.30234375 0.01484375 0.0203125
0 0.9171875 0.01015625 0.01875 0.0109375