0 0.8953125 0.4328125 0.06953125 0.05
0 0.8625 0.321875 0.04296875 0.03984375
0 0.6125 0.0625 0.0640625 0.0421875
0 0.68359375 0.07734375 0.05625 0.05859375
0 0.5953125 0.54609375 0.0921875 0.1109375
0 0.45625 0.978125 0.0234375 0.04375
0 0.5015625 0.89140625 0.0390625 0.03671875
0 0.20546875 0.80625 0.03125 0.01875
0 0.28671875 0.775 0.04296875 0.03125
0 0.134375 0.76640625 0.046875 0.0515625
0 0.22265625 0.68984375 0.03828125 0.0296875
0 0.3953125 0.196875 0.09453125 0.0875
0 0.51484375 0.2203125 0.05 0.06796875
0 0.18203125 0.2125 0.03125 0.03984375
0 0.046875 0.54921875 0.06171875 0.0421875
0 0.128125 0.4953125 0.03125 0.025
0 0.36640625 0.70859375 0.02578125 0.02578125
0 0.36015625 0.51875 0.0125 0.02734375
0 0.35546875 0.43515625 0.02265625 0.021875
0 0.03828125 0.79375 0.07578125 0.12265625
0 0.45234375 0.68125 0.01484375 0.0296875
0 0.4640625 0.621875 0.0421875 0.046875
0 0.04375 0.44609375 0.05859375 0.04296875
0 0.13515625 0.43203125 0.0328125 0.028125
0 0.05859375 0.696875 0.02890625 0.0390625
0 0.10703125 0.68359375 0.0640625 0.0546875
0 0.240625 0.31953125 0.021875 0.021875
0 0.34765625 0.1015625 0.02421875 0.0328125
0 0.39765625 0.07109375 0.0328125 0.021875
0 0.36796875 0.865625 0.01640625 0.02578125
0 0.93203125 0.54765625 0.0203125 0.02265625
0 0.709375 0.88359375 0.028125 0.05
0 0.03046875 0.08203125 0.028125 0.0265625
0 0.96015625 0.0265625 0.01640625 0.01484375
0 0.74921875 0.25 0.025 0.01484375
0 0.1015625 0.02734375 0.01640625 0.01640625