0 0.37890625 0.01796875 0.0484375 0.0359375
0 0.403125 0.07421875 0.0453125 0.0515625
0 0.71171875 0.071875 0.04375 0.0421875
0 0.68125 0.18203125 0.109375 0.0859375
0 0.8734375 0.29296875 0.0703125 0.0625
0 0.92109375 0.484375 0.0359375 0.05
0 0.81640625 0.6765625 0.065625 0.0671875
0 0.6640625 0.6421875 0.071875 0.096875
0 0.6765625 0.9015625 0.03125 0.0859375
0 0.36171875 0.88671875 0.0421875 0.0484375
0 0.36796875 0.60625 0.0671875 0.0515625
0 0.278125 0.2703125 0.0375 0.025
0 0.36015625 0.415625 0.0296875 0.0421875
0 0.38046875 0.4375 0.040625 0.034375
0 0.45390625 0.5328125 0.0328125 0.040625
0 0.52734375 0.2921875 0.034375 0.0421875
0 0.359375 0.1875 0.0515625 0.0484375
0 0.45859375 0.1953125 0.0890625 0.05625
0 0.2265625 0.90390625 0.1125 0.078125
0 0.0265625 0.70078125 0.053125 0.0484375
0 0.0578125 0.046875 0.046875 0.078125
0 0.971875 0.7203125 0.025 0.0390625