0 0.7296875 0.3296875 0.053125 0.0515625
0 0.57890625 0.30390625 0.0453125 0.0578125
0 0.52890625 0.33125 0.028125 0.0265625
0 0.55 0.47265625 0.0328125 0.03125
0 0.3296875 0.62734375 0.0890625 0.0703125
0 0.109375 0.7 0.040625 0.04375
0 0.415625 0.53125 0.028125 0.0234375
0 0.33125 0.45703125 0.05 0.0578125
0 0.9390625 0.49296875 0.06875 0.0828125
0 0.96171875 0.625 0.0484375 0.0453125
0 0.87421875 0.59921875 0.0421875 0.0328125
0 0.8109375 0.82421875 0.034375 0.025
0 0.74609375 0.75625 0.0828125 0.0703125
0 0.66875 0.875 0.034375 0.04375
0 0.66953125 0.78203125 0.01875 0.028125
0 0.66484375 0.72109375 0.0171875 0.0203125
0 0.5921875 0.70234375 0.0265625 0.028125
0 0.58984375 0.6515625 0.065625 0.0703125
0 0.51953125 0.871875 0.0484375 0.0734375
0 0.475 0.8140625 0.0296875 0.021875
0 0.6546875 0.421875 0.0421875 0.0328125
0 0.89375 0.0765625 0.0421875 0.0375
0 0.50078125 0.0203125 0.034375 0.034375
0 0.44765625 0.0453125 0.05 0.0453125
0 0.47421875 0.4796875 0.0296875 0.0515625
0 0.85859375 0.8453125 0.0359375 0.0546875
0 0.84921875 0.38671875 0.0265625 0.0203125
0 0.828125 0.41875 0.021875 0.0125
0 0.66171875 0.56171875 0.0359375 0.059375
0 0.09375 0.53203125 0.034375 0.034375
0 0.26484375 0.8328125 0.0359375 0.05
0 0.334375 0.2734375 0.040625 0.0375
0 0.5015625 0.99296875 0.021875 0.0140625
0 0.43125 0.62421875 0.0140625 0.021875
0 0.39765625 0.74140625 0.01875 0.0203125
0 0.59453125 0.56640625 0.0140625 0.0109375
0 0.72578125 0.2484375 0.028125 0.0265625
0 0.89921875 0.778125 0.0203125 0.015625
0 0.64765625 0.9484375 0.01875 0.01875
0 0.6046875 0.79765625 0.01875 0.0125
0 0.1109375 0.88984375 0.0234375 0.0265625
0 0.5 0.3 0.0171875 0.021875