0 0.38515625 0.2734375 0.0203125 0.0203125
0 0.4 0.24375 0.021875 0.0234375
0 0.48828125 0.28671875 0.090625 0.0875
0 0.7015625 0.06484375 0.0796875 0.0921875
0 0.94140625 0.4109375 0.0265625 0.0625
0 0.95 0.53515625 0.05 0.046875
0 0.7171875 0.97578125 0.0359375 0.03125
0 0.39375 0.7421875 0.0453125 0.03125
0 0.15078125 0.4046875 0.03125 0.06875
0 0.2140625 0.14375 0.04375 0.034375
0 0.26640625 0.1890625 0.025 0.025
0 0.56015625 0.471875 0.025 0.0296875
0 0.24296875 0.8234375 0.0828125 0.0828125
0 0.32421875 0.87421875 0.034375 0.0578125
0 0.375 0.8609375 0.03125 0.04375
0 0.49375 0.7765625 0.021875 0.0359375
0 0.53046875 0.76875 0.0234375 0.025
0 0.6453125 0.46015625 0.0390625 0.034375
0 0.7140625 0.4671875 0.0265625 0.06875
0 0.221875 0.6390625 0.015625 0.025
0 0.215625 0.49609375 0.025 0.01875
0 0.103125 0.66796875 0.021875 0.025
0 0.4203125 0.5265625 0.0171875 0.021875
0 0.2953125 0.35703125 0.0171875 0.0203125