0 0.6296875 0.05390625 0.06953125 0.05625
0 0.478125 0.15234375 0.0671875 0.05625
0 0.30390625 0.31953125 0.09609375 0.046875
0 0.5859375 0.33359375 0.053125 0.05625
0 0.3546875 0.42734375 0.0515625 0.05390625
0 0.15859375 0.44140625 0.10859375 0.12265625
0 0.6921875 0.4453125 0.08671875 0.11953125
0 0.515625 0.490625 0.040625 0.06171875
0 0.78984375 0.56171875 0.0515625 0.0796875
0 0.053125 0.61171875 0.03515625 0.04296875
0 0.9171875 0.68359375 0.05859375 0.04453125
0 0.615625 0.721875 0.040625 0.05
0 0.53203125 0.7953125 0.06953125 0.07421875
0 0.29453125 0.828125 0.16328125 0.09140625
0 0.7421875 0.99140625 0.05 0.01328125