0 0.54765625 0.96015625 0.0828125 0.0796875
0 0.28125 0.765625 0.075 0.08125
0 0.4546875 0.22734375 0.053125 0.0515625
0 0.4203125 0.30078125 0.096875 0.0953125
0 0.64296875 0.34375 0.040625 0.0484375
0 0.7625 0.7515625 0.046875 0.0421875
0 0.71171875 0.8171875 0.0546875 0.05625
0 0.01796875 0.82890625 0.0265625 0.0578125
0 0.5203125 0.41875 0.0328125 0.04375
0 0.4546875 0.459375 0.03125 0.040625
0 0.65625 0.51875 0.04375 0.05
0 0.6609375 0.58046875 0.0296875 0.0234375
0 0.33671875 0.00546875 0.0359375 0.0109375
0 0.45625 0.66328125 0.0203125 0.025
0 0.61484375 0.628125 0.0171875 0.0296875
0 0.05234375 0.92421875 0.05 0.0375
0 0.2796875 0.5390625 0.01875 0.0296875
0 0.2078125 0.5578125 0.025 0.025
0 0.17578125 0.45859375 0.025 0.05
0 0.10234375 0.7203125 0.0203125 0.03125
0 0.20546875 0.2859375 0.0390625 0.0296875
0 0.30703125 0.60390625 0.0203125 0.01875
0 0.54375 0.7015625 0.021875 0.0140625