0 0.37109375 0.5640625 0.07890625 0.0796875
0 0.20703125 0.52421875 0.0734375 0.10859375
0 0.15234375 0.18125 0.15 0.0796875
0 0.30546875 0.275 0.0265625 0.03125
0 0.36328125 0.221875 0.046875 0.025
0 0.3484375 0.1640625 0.0453125 0.034375
0 0.615625 0.103125 0.0578125 0.053125
0 0.8859375 0.403125 0.046875 0.04375
0 0.77109375 0.68359375 0.053125 0.07109375
0 0.3015625 0.84921875 0.02578125 0.021875
0 0.3125 0.80078125 0.02890625 0.015625
0 0.3859375 0.728125 0.025 0.028125
0 0.39453125 0.66875 0.01953125 0.04140625
0 0.43515625 0.678125 0.0453125 0.05625
0 0.3234375 0.93359375 0.1015625 0.05859375
0 0.71875 0.8796875 0.03125 0.04453125
0 0.28671875 0.45703125 0.02421875 0.028125
0 0.35859375 0.39453125 0.021875 0.03984375
0 0.51953125 0.43515625 0.028125 0.03828125
0 0.2515625 0.26875 0.04375 0.03671875
0 0.44609375 0.2875 0.01875 0.0234375
0 0.5375 0.3109375 0.0171875 0.02890625
0 0.1359375 0.409375 0.02265625 0.040625
0 0.0296875 0.628125 0.0234375 0.02265625
0 0.8015625 0.94609375 0.0359375 0.03359375
0 0.871875 0.8625 0.02578125 0.028125
0 0.5625 0.43984375 0.01875 0.0296875
0 0.84921875 0.4890625 0.0359375 0.0296875
0 0.95390625 0.0265625 0.02109375 0.01484375
0 0.24453125 0.653125 0.0140625 0.0140625
0 0.4296875 0.55625 0.01328125 0.02265625
0 0.6546875 0.06328125 0.02109375 0.021875
0 0.5625 0.61328125 0.02265625 0.03359375