0 0.728125 0.94765625 0.05 0.05
0 0.68984375 0.89296875 0.0484375 0.053125
0 0.38984375 0.96484375 0.0453125 0.04375
0 0.39453125 0.85078125 0.1125 0.090625
0 0.1828125 0.7859375 0.071875 0.065625
0 0.09375 0.61015625 0.0375 0.05
0 0.15234375 0.39921875 0.06875 0.0703125
0 0.30859375 0.3984375 0.0765625 0.1
0 0.2375 0.1484375 0.0359375 0.0859375
0 0.54765625 0.09140625 0.04375 0.05
0 0.60546875 0.3671875 0.06875 0.0546875
0 0.76796875 0.6734375 0.0375 0.0265625
0 0.65546875 0.55078125 0.03125 0.04375
0 0.63046875 0.53359375 0.0421875 0.0359375
0 0.5375 0.4578125 0.034375 0.040625
0 0.51953125 0.70859375 0.0359375 0.0421875
0 0.70703125 0.77265625 0.0546875 0.0515625
0 0.609375 0.7875 0.0921875 0.059375
0 0.67578125 0.04453125 0.1140625 0.0828125
0 0.9203125 0.19609375 0.065625 0.0515625