0 0.4015625 0.04609375 0.0734375 0.0609375
0 0.54609375 0.1546875 0.0703125 0.0609375
0 0.70859375 0.33359375 0.0984375 0.053125
0 0.42578125 0.328125 0.05625 0.059375
0 0.65 0.4375 0.0546875 0.0578125
0 0.84453125 0.465625 0.1171875 0.1296875
0 0.31171875 0.43203125 0.0953125 0.125
0 0.48515625 0.48984375 0.0453125 0.0640625
0 0.20625 0.54140625 0.05625 0.0828125
0 0.93828125 0.64296875 0.0375 0.0453125
0 0.07109375 0.65390625 0.0609375 0.0484375
0 0.36953125 0.71328125 0.04375 0.053125
0 0.44765625 0.7921875 0.075 0.078125
0 0.68203125 0.84140625 0.16875 0.103125
0 0.22421875 0.9734375 0.0515625 0.0171875