0 0.47421875 0.9640625 0.0796875 0.0703125
0 0.59921875 0.83359375 0.078125 0.0703125
0 0.73203125 0.63203125 0.1046875 0.0671875
0 0.45390625 0.68125 0.0640625 0.0671875
0 0.6578125 0.53828125 0.0625 0.0640625
0 0.84609375 0.48046875 0.1328125 0.14375
0 0.325 0.596875 0.1109375 0.1359375
0 0.48671875 0.5125 0.053125 0.06875
0 0.20390625 0.5046875 0.06875 0.0890625
0 0.91015625 0.290625 0.04375 0.05
0 0.05234375 0.41484375 0.0671875 0.05625
0 0.3375 0.31015625 0.0515625 0.0578125
0 0.40234375 0.21953125 0.084375 0.0875
0 0.6265625 0.134375 0.1796875 0.1265625
0 0.153125 0.07578125 0.0515625 0.0234375