0 0.6203125 0.15859375 0.0625 0.0671875
0 0.8546875 0.31015625 0.06875 0.059375
0 0.68671875 0.36640625 0.040625 0.059375
0 0.553125 0.39921875 0.05 0.0515625
0 0.8890625 0.5125 0.0640625 0.0828125
0 0.56875 0.503125 0.0453125 0.0625
0 0.096875 0.45 0.0453125 0.05625
0 0.346875 0.50546875 0.0375 0.05
0 0.23359375 0.53203125 0.0421875 0.0625
0 0.04140625 0.5140625 0.0453125 0.0484375
0 0.02109375 0.625 0.0421875 0.071875
0 0.7125 0.71640625 0.053125 0.0640625
0 0.3546875 0.790625 0.046875 0.05625
0 0.44453125 0.878125 0.0546875 0.040625
0 0.2796875 0.9046875 0.065625 0.0515625
0 0.06640625 0.88828125 0.0453125 0.0609375