0 0.43359375 0.0296875 0.0578125 0.059375
0 0.35546875 0.08359375 0.071875 0.0875
0 0.62734375 0.2578125 0.134375 0.0953125
0 0.234375 0.28203125 0.04375 0.0515625
0 0.31015625 0.30546875 0.0703125 0.0828125
0 0.55859375 0.359375 0.059375 0.0609375
0 0.1265625 0.446875 0.040625 0.0625
0 0.5421875 0.515625 0.0296875 0.0421875
0 0.33828125 0.50859375 0.0421875 0.0796875
0 0.7078125 0.5703125 0.065625 0.059375
0 0.91484375 0.62265625 0.059375 0.06875
0 0.13671875 0.5640625 0.1375 0.1015625
0 0.6296875 0.684375 0.0375 0.0609375
0 0.4671875 0.67734375 0.05 0.053125
0 0.83671875 0.8265625 0.0578125 0.0765625
0 0.9109375 0.94765625 0.0890625 0.0734375