0 0.31640625 0.01484375 0.0671875 0.0296875
0 0.2265625 0.01328125 0.0796875 0.02578125
0 0.43515625 0.0421875 0.128125 0.08359375
0 0.56640625 0.159375 0.0671875 0.06875
0 0.37734375 0.20859375 0.04765625 0.0375
0 0.33515625 0.2796875 0.03359375 0.0375
0 0.203125 0.29609375 0.03359375 0.06328125
0 0.28125 0.42265625 0.09375 0.07421875
0 0.31953125 0.4578125 0.05703125 0.040625
0 0.40859375 0.46171875 0.03515625 0.05234375
0 0.37890625 0.5296875 0.03046875 0.03515625
0 0.81875 0.571875 0.04296875 0.07421875
0 0.33046875 0.57734375 0.04296875 0.0375
0 0.1859375 0.58671875 0.03359375 0.059375
0 0.26875 0.74296875 0.0265625 0.04453125
0 0.48046875 0.7671875 0.065625 0.04453125
0 0.88828125 0.884375 0.07421875 0.0859375
0 0.43046875 0.8875 0.03046875 0.046875
0 0.4984375 0.903125 0.065625 0.0484375