0 0.79375 0.26484375 0.0234375 0.03203125
0 0.8453125 0.7390625 0.03125 0.05
0 0.52421875 0.6375 0.0328125 0.0453125
0 0.63046875 0.603125 0.040625 0.05078125
0 0.05078125 0.45703125 0.02890625 0.0484375
0 0.16015625 0.4453125 0.046875 0.08203125
0 0.23828125 0.43671875 0.05390625 0.078125
0 0.1265625 0.678125 0.046875 0.04296875
0 0.52734375 0.75859375 0.0234375 0.04765625
0 0.2859375 0.4421875 0.01875 0.021875
0 0.22109375 0.215625 0.015625 0.028125
0 0.28359375 0.2546875 0.0140625 0.0125
0 0.28359375 0.2109375 0.0296875 0.0234375
0 0.73671875 0.625 0.02421875 0.02421875
0 0.06875 0.925 0.04609375 0.05625
0 0.403125 0.9734375 0.03125 0.02578125
0 0.528125 0.19921875 0.0296875 0.0296875
0 0.034375 0.61328125 0.01328125 0.0171875
0 0.30625 0.54140625 0.0125 0.01875
0 0.3515625 0.53671875 0.01484375 0.0375
0 0.3890625 0.53515625 0.01171875 0.0140625
0 0.40625 0.46875 0.021875 0.021875
0 0.41640625 0.3140625 0.0109375 0.02265625
0 0.61796875 0.41328125 0.01875 0.0265625
0 0.3796875 0.88515625 0.02109375 0.015625
0 0.93046875 0.24765625 0.00859375 0.0140625
0 0.92890625 0.0296875 0.0140625 0.01796875
0 0.76953125 0.1890625 0.01796875 0.0171875
0 0.59765625 0.73828125 0.01796875 0.02265625
0 0.38984375 0.83203125 0.01328125 0.01640625
0 0.08359375 0.3171875 0.01328125 0.01640625