0 0.78359375 0.8390625 0.0578125 0.0703125
0 0.525 0.8765625 0.0609375 0.0671875
0 0.1765625 0.75 0.0828125 0.06875
0 0.51484375 0.646875 0.059375 0.0625
0 0.7390625 0.578125 0.05 0.065625
0 0.46953125 0.56171875 0.0765625 0.08125
0 0.871875 0.47265625 0.0703125 0.0515625
0 0.0734375 0.5765625 0.0515625 0.0515625
0 0.22734375 0.5234375 0.0609375 0.078125
0 0.74609375 0.309375 0.05625 0.06875
0 0.5046875 0.290625 0.071875 0.0640625
0 0.44296875 0.284375 0.059375 0.0609375
0 0.3265625 0.29765625 0.121875 0.1328125