0 0.63828125 0.83515625 0.0640625 0.0703125
0 0.8640625 0.67109375 0.0703125 0.0625
0 0.69296875 0.6234375 0.0421875 0.0609375
0 0.55859375 0.59765625 0.0515625 0.053125
0 0.8875 0.4671875 0.0671875 0.084375
0 0.56875 0.49375 0.0484375 0.0640625
0 0.1 0.57109375 0.046875 0.0578125
0 0.346875 0.50234375 0.0390625 0.0515625
0 0.2328125 0.48203125 0.0453125 0.0640625
0 0.04140625 0.51015625 0.0484375 0.0515625
0 0.01875 0.4 0.0375 0.075
0 0.70078125 0.27265625 0.05625 0.0671875
0 0.33984375 0.2171875 0.0484375 0.059375
0 0.425 0.125 0.05625 0.04375
0 0.25859375 0.10703125 0.0671875 0.0546875
0 0.046875 0.13515625 0.0484375 0.0625