0 0.753125 0.221875 0.028125 0.0359375
0 0.878125 0.68203125 0.0390625 0.0546875
0 0.5453125 0.63203125 0.0390625 0.05
0 0.6453125 0.58125 0.0484375 0.05625
0 0.04921875 0.528125 0.0359375 0.053125
0 0.15546875 0.49921875 0.059375 0.0890625
0 0.23125 0.478125 0.065625 0.0859375
0 0.159375 0.734375 0.053125 0.05
0 0.5671875 0.75078125 0.03125 0.05
0 0.2796875 0.4765625 0.021875 0.025
0 0.1796875 0.2625 0.0203125 0.0296875
0 0.24765625 0.29140625 0.015625 0.0140625
0 0.24140625 0.2484375 0.0328125 0.028125
0 0.753125 0.58671875 0.028125 0.028125
0 0.13984375 0.978125 0.0546875 0.04375
0 0.478125 0.9828125 0.034375 0.0296875
0 0.48046875 0.1984375 0.034375 0.034375
0 0.0578125 0.684375 0.015625 0.01875
0 0.31484375 0.57109375 0.015625 0.0203125
0 0.359375 0.559375 0.0203125 0.0390625
0 0.39609375 0.55234375 0.0140625 0.015625
0 0.40234375 0.48359375 0.025 0.025
0 0.38828125 0.3296875 0.0140625 0.0234375
0 0.603125 0.39609375 0.0234375 0.0296875
0 0.44140625 0.89921875 0.0234375 0.01875
0 0.8859375 0.18359375 0.0109375 0.015625
0 0.7171875 0.15078125 0.0203125 0.0203125
0 0.63359375 0.7203125 0.021875 0.025
0 0.44296875 0.8453125 0.015625 0.01875
0 0.06015625 0.384375 0.015625 0.01875