0 0.95234375 0.1453125 0.0921875 0.1296875
0 0.4828125 0.1546875 0.1078125 0.1
0 0.60625 0.18984375 0.0546875 0.0625
0 0.8234375 0.30078125 0.0453125 0.0640625
0 0.7 0.42890625 0.0359375 0.0484375
0 0.5203125 0.47421875 0.0375 0.0515625
0 0.61015625 0.5 0.0625 0.0703125
0 0.39453125 0.478125 0.0953125 0.0859375
0 0.121875 0.5234375 0.075 0.071875
0 0.68515625 0.7328125 0.053125 0.0640625
0 0.5375 0.73984375 0.0421875 0.0375
0 0.25390625 0.75546875 0.1 0.125
0 0.509375 0.8140625 0.046875 0.053125
0 0.684375 0.9109375 0.0734375 0.0828125
0 0.5453125 0.89140625 0.0421875 0.06875
0 0.52734375 0.94140625 0.0390625 0.0359375
0 0.159375 0.86484375 0.0609375 0.06875