0 0.2578125 0.97734375 0.096875 0.0453125
0 0.671875 0.8 0.1109375 0.103125
0 0.546875 0.825 0.05625 0.0640625
0 0.30234375 0.825 0.046875 0.0640625
0 0.35390625 0.65390625 0.0375 0.05
0 0.49296875 0.5328125 0.0390625 0.053125
0 0.4015625 0.55 0.0640625 0.071875
0 0.60390625 0.47109375 0.096875 0.090625
0 0.82578125 0.3078125 0.0765625 0.0734375
0 0.22890625 0.3765625 0.05625 0.065625
0 0.3578125 0.30390625 0.04375 0.0390625
0 0.603125 0.1609375 0.1046875 0.128125
0 0.34921875 0.22421875 0.0484375 0.0546875
0 0.14921875 0.21796875 0.0765625 0.0859375
0 0.28203125 0.171875 0.0453125 0.06875
0 0.275 0.11953125 0.040625 0.0375
0 0.63671875 0.02734375 0.0640625 0.0546875