0 0.2828125 0.97109375 0.06875 0.034375
0 0.19296875 0.96640625 0.08125 0.03125
0 0.403125 0.95234375 0.134375 0.0921875
0 0.5421875 0.84453125 0.071875 0.0734375
0 0.35703125 0.78203125 0.05 0.040625
0 0.3203125 0.70859375 0.0359375 0.0390625
0 0.18984375 0.6828125 0.0375 0.065625
0 0.2765625 0.56171875 0.0984375 0.08125
0 0.3171875 0.5296875 0.059375 0.04375
0 0.40625 0.53203125 0.0390625 0.0546875
0 0.38125 0.46171875 0.0328125 0.0375
0 0.82265625 0.45078125 0.0484375 0.0765625
0 0.3359375 0.4109375 0.0453125 0.040625
0 0.19296875 0.39140625 0.0375 0.0609375
0 0.2859375 0.24140625 0.0296875 0.046875
0 0.49921875 0.23203125 0.06875 0.0484375
0 0.9140625 0.14375 0.0796875 0.090625
0 0.4578125 0.10859375 0.034375 0.0484375
0 0.5265625 0.09765625 0.06875 0.053125