0 0.7140625 0.11328125 0.04609375 0.06328125
0 0.45234375 0.12578125 0.0515625 0.0578125
0 0.13515625 0.31640625 0.07421875 0.05625
0 0.48671875 0.353125 0.05 0.05390625
0 0.71953125 0.378125 0.0390625 0.059375
0 0.45859375 0.4453125 0.0640625 0.07109375
0 0.8703125 0.45625 0.0640625 0.040625
0 0.06640625 0.50625 0.04453125 0.04453125
0 0.228125 0.52890625 0.04765625 0.07109375
0 0.778125 0.63984375 0.04609375 0.06171875
0 0.54453125 0.7046875 0.0625 0.05390625
0 0.48515625 0.72265625 0.05 0.05234375
0 0.36875 0.73203125 0.1015625 0.115625
0 0.015625 0.75 0.03125 0.159375