0 0.13125 0.059375 0.06875 0.11875
0 0.58828125 0.165625 0.0921875 0.08203125
0 0.4609375 0.17421875 0.04453125 0.05390625
0 0.225 0.2375 0.03359375 0.0578125
0 0.31875 0.3890625 0.0265625 0.04453125
0 0.48515625 0.4703125 0.028125 0.046875
0 0.3921875 0.47734375 0.05 0.06171875
0 0.6078125 0.50078125 0.08203125 0.07109375
0 0.86484375 0.6015625 0.0640625 0.059375
0 0.2703125 0.6890625 0.04296875 0.05625
0 0.41328125 0.7265625 0.0375 0.0296875
0 0.6875 0.80078125 0.078125 0.11171875
0 0.42578125 0.80546875 0.0375 0.046875
0 0.234375 0.86328125 0.06015625 0.07265625
0 0.37421875 0.8734375 0.03046875 0.06328125
0 0.38125 0.92578125 0.03359375 0.0296875
0 0.75703125 0.92734375 0.05 0.059375