0 0.68359375 0.98515625 0.0671875 0.0296875
0 0.7734375 0.98671875 0.0796875 0.025
0 0.56484375 0.9578125 0.128125 0.084375
0 0.43359375 0.840625 0.0671875 0.06875
0 0.62265625 0.79140625 0.046875 0.0375
0 0.66484375 0.7203125 0.034375 0.0375
0 0.796875 0.70390625 0.034375 0.0625
0 0.71875 0.57734375 0.09375 0.075
0 0.68046875 0.5421875 0.05625 0.040625
0 0.59140625 0.53828125 0.034375 0.053125
0 0.62109375 0.4703125 0.03125 0.034375
0 0.18125 0.428125 0.04375 0.075
0 0.66953125 0.42265625 0.04375 0.0375
0 0.8140625 0.41328125 0.034375 0.059375
0 0.73125 0.25703125 0.0265625 0.04375
0 0.51953125 0.2328125 0.065625 0.04375
0 0.11171875 0.115625 0.075 0.0859375
0 0.56953125 0.1125 0.03125 0.046875
0 0.5015625 0.096875 0.065625 0.0484375