0 0.615625 0.0375 0.0515625 0.059375
0 0.6875 0.10078125 0.0640625 0.08203125
0 0.3984375 0.24609375 0.12578125 0.08203125
0 0.78671875 0.3109375 0.0390625 0.0484375
0 0.709375 0.3265625 0.0625 0.0765625
0 0.45625 0.35390625 0.053125 0.05625
0 0.87734375 0.4859375 0.03515625 0.059375
0 0.45625 0.5109375 0.025 0.0390625
0 0.66015625 0.52578125 0.03359375 0.0765625
0 0.2859375 0.5484375 0.06015625 0.05390625
0 0.07421875 0.57890625 0.053125 0.06328125
0 0.8546875 0.6015625 0.128125 0.0890625
0 0.3515625 0.66953125 0.03203125 0.0578125
0 0.5140625 0.6796875 0.04453125 0.0484375
0 0.13125 0.78984375 0.05 0.07109375
0 0.04453125 0.90234375 0.08203125 0.06484375