0 0.1984375 0.725 0.025 0.0328125
0 0.16328125 0.24921875 0.0328125 0.0515625
0 0.48046875 0.36171875 0.034375 0.046875
0 0.3734375 0.3921875 0.0421875 0.0515625
0 0.94765625 0.55859375 0.03125 0.05
0 0.8375 0.56640625 0.05 0.084375
0 0.759375 0.57265625 0.05625 0.0796875
0 0.8796875 0.33515625 0.0484375 0.0453125
0 0.48203125 0.240625 0.025 0.0484375
0 0.71171875 0.565625 0.01875 0.021875
0 0.76875 0.79375 0.0171875 0.028125
0 0.7078125 0.75234375 0.0140625 0.0125
0 0.70625 0.79609375 0.03125 0.025
0 0.26796875 0.3671875 0.025 0.025
0 0.94609375 0.090625 0.0484375 0.0578125
0 0.61328125 0.03046875 0.0328125 0.0265625
0 0.46171875 0.8 0.03125 0.03125
0 0.96953125 0.403125 0.0140625 0.0171875
0 0.6953125 0.465625 0.0125 0.01875
0 0.65 0.46875 0.015625 0.0375
0 0.61171875 0.46875 0.0125 0.0140625
0 0.59296875 0.534375 0.021875 0.021875
0 0.57734375 0.6890625 0.0125 0.0234375
0 0.37890625 0.5828125 0.0203125 0.0265625
0 0.63359375 0.11953125 0.021875 0.015625
0 0.0609375 0.7375 0.009375 0.0140625
0 0.0546875 0.9546875 0.0140625 0.01875
0 0.21953125 0.8015625 0.01875 0.0171875
0 0.4109375 0.25859375 0.01875 0.0234375
0 0.621875 0.171875 0.0140625 0.0171875
0 0.91015625 0.696875 0.0140625 0.0171875