0 0.240625 0.8578125 0.053125 0.06875
0 0.5015625 0.87734375 0.0578125 0.0640625
0 0.83984375 0.7265625 0.08125 0.065625
0 0.4953125 0.64765625 0.05625 0.059375
0 0.2671875 0.59453125 0.0453125 0.0640625
0 0.534375 0.559375 0.071875 0.078125
0 0.12734375 0.4984375 0.06875 0.0484375
0 0.93125 0.546875 0.05 0.05
0 0.7734375 0.5046875 0.05625 0.0765625
0 0.240625 0.32734375 0.053125 0.0671875
0 0.48046875 0.29140625 0.06875 0.0609375
0 0.5421875 0.28046875 0.05625 0.0578125
0 0.65859375 0.2859375 0.115625 0.1265625
0 0.99296875 0.3109375 0.0140625 0.1625