0 0.65546875 0.04921875 0.05625 0.0640625
0 0.721875 0.11875 0.0703125 0.0875
0 0.42109375 0.23828125 0.1328125 0.0921875
0 0.80234375 0.33671875 0.04375 0.0515625
0 0.7234375 0.3453125 0.06875 0.08125
0 0.46953125 0.35078125 0.0578125 0.0609375
0 0.87734375 0.51875 0.040625 0.0625
0 0.45546875 0.50703125 0.028125 0.040625
0 0.65703125 0.53984375 0.040625 0.0796875
0 0.2828125 0.5296875 0.0640625 0.059375
0 0.06875 0.54140625 0.0578125 0.0671875
0 0.84453125 0.63203125 0.1359375 0.1
0 0.3375 0.65625 0.0375 0.0609375
0 0.4984375 0.68046875 0.0484375 0.0515625
0 0.10703125 0.75625 0.05625 0.075
0 0.02734375 0.8609375 0.0546875 0.071875