0 0.578125 0.14609375 0.0546875 0.06171875
0 0.82890625 0.26796875 0.0625 0.05234375
0 0.66875 0.34453125 0.03359375 0.05625
0 0.540625 0.39375 0.04453125 0.046875
0 0.8875 0.46484375 0.0546875 0.0765625
0 0.56875 0.49453125 0.0390625 0.0578125
0 0.09375 0.49921875 0.0390625 0.05234375
0 0.3484375 0.52421875 0.03203125 0.046875
0 0.23984375 0.5640625 0.03515625 0.059375
0 0.046875 0.56953125 0.040625 0.04453125
0 0.0328125 0.68359375 0.04765625 0.0671875
0 0.7375 0.6890625 0.04609375 0.059375
0 0.39140625 0.80625 0.040625 0.05234375
0 0.49140625 0.88203125 0.0515625 0.03515625
0 0.33046875 0.92890625 0.06015625 0.04453125
0 0.1171875 0.93828125 0.0390625 0.05625
0 0.70390625 0.99453125 0.03359375 0.0078125