0 0.5734375 0.965625 0.078125 0.06875
0 0.6703125 0.91640625 0.0703125 0.0921875
0 0.83671875 0.71328125 0.05625 0.0515625
0 0.37109375 0.82578125 0.0390625 0.0390625
0 0.840625 0.63671875 0.05625 0.06875
0 0.396875 0.7484375 0.040625 0.034375
0 0.1671875 0.78203125 0.05625 0.0640625
0 0.4140625 0.625 0.0375 0.0484375
0 0.62421875 0.50859375 0.065625 0.0921875
0 0.50546875 0.46484375 0.0484375 0.05
0 0.55234375 0.41015625 0.0296875 0.034375
0 0.334375 0.4078125 0.0359375 0.040625
0 0.2046875 0.34609375 0.0625 0.059375
0 0.0140625 0.328125 0.028125 0.071875
0 0.3796875 0.1859375 0.053125 0.05
0 0.02578125 0.25390625 0.0515625 0.0703125
0 0.28125 0.16484375 0.0515625 0.04375
0 0.19140625 0.12109375 0.075 0.1140625
0 0.58203125 0.0140625 0.0890625 0.028125
0 0.28828125 0.05625 0.0828125 0.0484375