0 0.4171875 0.96640625 0.06875 0.0625
0 0.52578125 0.94921875 0.0578125 0.0859375
0 0.74921875 0.8109375 0.05 0.04375
0 0.27265625 0.765625 0.034375 0.034375
0 0.77734375 0.740625 0.046875 0.0625
0 0.32109375 0.7015625 0.0375 0.028125
0 0.09375 0.6578125 0.0484375 0.05625
0 0.378125 0.58984375 0.0296875 0.0453125
0 0.61484375 0.5484375 0.0515625 0.0859375
0 0.5171875 0.46796875 0.0421875 0.04375
0 0.57890625 0.43203125 0.025 0.03125
0 0.3734375 0.35859375 0.03125 0.0375
0 0.27109375 0.25859375 0.0546875 0.05
0 0.084375 0.175 0.04375 0.065625
0 0.48828125 0.1640625 0.046875 0.04375
0 0.13125 0.11328125 0.0421875 0.065625
0 0.0828125 0.103125 0.0359375 0.040625
0 0.40234375 0.11171875 0.046875 0.0359375
0 0.33046875 0.04765625 0.0578125 0.0953125
0 0.74375 0.04609375 0.0796875 0.0625
0 0.44296875 0.0140625 0.0796875 0.028125