0 0.45 0.02890625 0.065625 0.0578125
0 0.55703125 0.05390625 0.0515625 0.08203125
0 0.7703125 0.20703125 0.04765625 0.040625
0 0.29140625 0.21875 0.03203125 0.03203125
0 0.79375 0.2796875 0.04296875 0.059375
0 0.3359375 0.28671875 0.03515625 0.02578125
0 0.10546875 0.3140625 0.04453125 0.05390625
0 0.384375 0.4015625 0.0265625 0.04296875
0 0.61796875 0.459375 0.04609375 0.08359375
0 0.51484375 0.5328125 0.0390625 0.040625
0 0.57421875 0.5734375 0.0234375 0.0296875
0 0.3640625 0.63203125 0.028125 0.03515625
0 0.2546875 0.725 0.0515625 0.046875
0 0.0625 0.7953125 0.0390625 0.06328125
0 0.46484375 0.834375 0.04453125 0.040625
0 0.10546875 0.86015625 0.0375 0.06328125
0 0.05625 0.8671875 0.03359375 0.0390625
0 0.37578125 0.88046875 0.04453125 0.03359375
0 0.3 0.94609375 0.05 0.10390625
0 0.71171875 0.96953125 0.0765625 0.0578125
0 0.41015625 0.98359375 0.078125 0.0296875