0 0.2640625 0.6890625 0.0796875 0.07890625
0 0.04296875 0.66015625 0.06953125 0.06953125
0 0.20859375 0.34609375 0.05 0.06171875
0 0.3140625 0.5421875 0.03515625 0.08984375
0 0.82578125 0.78515625 0.0828125 0.046875
0 0.5625 0.4828125 0.04453125 0.040625
0 0.3625 0.478125 0.0296875 0.04140625
0 0.475 0.44609375 0.02578125 0.046875
0 0.57578125 0.40234375 0.03359375 0.02421875
0 0.51328125 0.346875 0.03203125 0.04296875
0 0.46484375 0.77734375 0.05078125 0.05234375
0 0.3671875 0.17421875 0.0765625 0.0453125