0 0.3140625 0.43203125 0.0671875 0.075
0 0.909375 0.41953125 0.1109375 0.0984375
0 0.896875 0.59609375 0.1078125 0.08125
0 0.7203125 0.96640625 0.0171875 0.046875
0 0.7828125 0.88984375 0.0578125 0.0546875
0 0.5546875 0.75625 0.0953125 0.096875
0 0.6421875 0.5828125 0.034375 0.040625
0 0.6484375 0.3515625 0.0375 0.034375
0 0.609375 0.2390625 0.0640625 0.0578125
0 0.11796875 0.35 0.04375 0.0375
0 0.20234375 0.3140625 0.034375 0.0421875
0 0.21484375 0.2015625 0.0359375 0.0265625
0 0.325 0.34765625 0.01875 0.0171875
0 0.38046875 0.29609375 0.040625 0.04375
0 0.29296875 0.60078125 0.01875 0.025
0 0.40390625 0.565625 0.0296875 0.0390625
0 0.4265625 0.78046875 0.015625 0.021875
0 0.43828125 0.73359375 0.0390625 0.040625
0 0.08515625 0.72734375 0.065625 0.0609375
0 0.14921875 0.8609375 0.0484375 0.040625
0 0.13671875 0.51640625 0.0328125 0.05
0 0.0453125 0.21015625 0.0421875 0.0390625
0 0.215625 0.409375 0.015625 0.0375
0 0.725 0.51484375 0.03125 0.0359375
0 0.4328125 0.1421875 0.0359375 0.0328125
0 0.3390625 0.53046875 0.0203125 0.015625
0 0.4421875 0.4828125 0.0234375 0.0296875
0 0.71015625 0.7109375 0.028125 0.03125