0 0.515625 0.40859375 0.109375 0.1359375
0 0.50078125 0.2609375 0.021875 0.05
0 0.63046875 0.48671875 0.034375 0.059375
0 0.92890625 0.615625 0.0421875 0.0328125
0 0.3828125 0.1265625 0.0625 0.0546875
0 0.690625 0.04453125 0.0484375 0.0546875
0 0.16796875 0.91015625 0.0828125 0.071875
0 0.284375 0.92109375 0.046875 0.040625
0 0.353125 0.83828125 0.0359375 0.0296875
0 0.4703125 0.8515625 0.034375 0.05625
0 0.3234375 0.71171875 0.0453125 0.01875
0 0.35078125 0.653125 0.03125 0.0453125
0 0.1234375 0.38515625 0.021875 0.0234375
0 0.134375 0.2375 0.021875 0.0375
0 0.35234375 0.24296875 0.0171875 0.025
0 0.2328125 0.76953125 0.03125 0.040625
0 0.3078125 0.4390625 0.0234375 0.0265625
0 0.34609375 0.3859375 0.025 0.025
0 0.7640625 0.071875 0.01875 0.0390625
0 0.74140625 0.909375 0.0390625 0.0453125