0 0.265625 0.58671875 0.071875 0.1
0 0.34609375 0.8265625 0.0265625 0.03125
0 0.40390625 0.89453125 0.0671875 0.0640625
0 0.70078125 0.92890625 0.0890625 0.0640625
0 0.39921875 0.584375 0.03125 0.0515625
0 0.47109375 0.63828125 0.078125 0.075
0 0.6328125 0.56015625 0.0453125 0.0484375
0 0.9171875 0.615625 0.05 0.0421875
0 0.26171875 0.3703125 0.0328125 0.0390625
0 0.3515625 0.63828125 0.04375 0.046875
0 0.1375 0.24140625 0.1078125 0.115625
0 0.375 0.02890625 0.0625 0.0578125
0 0.509375 0.0203125 0.040625 0.040625
0 0.075 0.7203125 0.0671875 0.109375
0 0.565625 0.88203125 0.0421875 0.053125
0 0.1703125 0.61484375 0.0265625 0.0265625
0 0.2421875 0.69921875 0.025 0.0328125
0 0.271875 0.88671875 0.028125 0.03125
0 0.065625 0.42578125 0.03125 0.028125
0 0.1625 0.4421875 0.0265625 0.03125
0 0.46171875 0.1921875 0.03125 0.0296875
0 0.5078125 0.5828125 0.028125 0.025
0 0.99375 0.1484375 0.0125 0.021875
0 0.94609375 0.50390625 0.0125 0.0234375
0 0.23359375 0.015625 0.0390625 0.03125
0 0.32109375 0.4859375 0.0359375 0.0375
0 0.42734375 0.49140625 0.0203125 0.0125
0 0.4515625 0.31171875 0.0125 0.015625
0 0.51328125 0.31796875 0.0265625 0.01875
0 0.584375 0.959375 0.0328125 0.0234375