0 0.39453125 0.04765625 0.04609375 0.05
0 0.73359375 0.07421875 0.05703125 0.059375
0 0.2625 0.17578125 0.05703125 0.05390625
0 0.55078125 0.353125 0.07109375 0.08359375
0 0.98515625 0.5 0.0265625 0.05390625
0 0.2375 0.52734375 0.065625 0.0890625
0 0.0953125 0.53046875 0.08671875 0.078125
0 0.6046875 0.6078125 0.03046875 0.046875
0 0.5375 0.6265625 0.04453125 0.06171875
0 0.73359375 0.69375 0.0390625 0.0953125
0 0.15 0.7796875 0.0375 0.05
0 0.41640625 0.85859375 0.0515625 0.05234375
0 0.30390625 0.87421875 0.06015625 0.0578125
0 0.759375 0.88828125 0.0796875 0.05625
0 0.471875 0.909375 0.08359375 0.0796875
0 0.83046875 0.97109375 0.04765625 0.05390625
0 0.27265625 0.97890625 0.04765625 0.0390625