0 0.50859375 0.40703125 0.1328125 0.153125
0 0.56171875 0.26875 0.03125 0.053125
0 0.37734375 0.453125 0.04375 0.0640625
0 0.05546875 0.50078125 0.046875 0.0390625
0 0.71015625 0.1703125 0.0703125 0.0640625
0 0.4328125 0.0203125 0.05625 0.040625
0 0.7140625 0.96953125 0.09375 0.0609375
0 0.59921875 0.9625 0.053125 0.0484375
0 0.5546875 0.86484375 0.0390625 0.034375
0 0.4375 0.846875 0.04375 0.0609375
0 0.615625 0.75 0.0484375 0.0265625
0 0.6046875 0.68671875 0.0390625 0.05
0 0.89375 0.48671875 0.0265625 0.028125
0 0.9203125 0.34140625 0.028125 0.040625
0 0.70859375 0.28984375 0.021875 0.028125
0 0.68828125 0.8296875 0.0390625 0.0453125
0 0.7015625 0.49140625 0.0265625 0.03125
0 0.678125 0.4296875 0.0296875 0.0296875
0 0.3546875 0.01953125 0.025 0.0390625
0 0.1609375 0.8328125 0.046875 0.0515625