0 0.675 0.06953125 0.053125 0.05625
0 0.3359375 0.04296875 0.065625 0.0671875
0 0.78515625 0.2171875 0.0640625 0.0625
0 0.47265625 0.346875 0.0828125 0.09375
0 0.02109375 0.42421875 0.034375 0.0578125
0 0.7546875 0.56796875 0.078125 0.0984375
0 0.8953125 0.59375 0.0984375 0.090625
0 0.3796875 0.58984375 0.0375 0.0515625
0 0.44296875 0.61875 0.053125 0.0671875
0 0.2390625 0.6546875 0.053125 0.1
0 0.8015625 0.83125 0.0453125 0.0546875
0 0.5265625 0.8671875 0.059375 0.059375
0 0.63515625 0.9 0.06875 0.0671875
0 0.1828125 0.84296875 0.0875 0.06875
0 0.4640625 0.90859375 0.0953125 0.0921875
0 0.1 0.91328125 0.05625 0.0609375
0 0.65 0.99296875 0.053125 0.0140625