0 0.5125 0.5921875 0.10546875 0.13203125
0 0.4921875 0.7390625 0.0203125 0.05
0 0.6296875 0.51796875 0.03203125 0.05859375
0 0.9328125 0.39921875 0.04140625 0.03125
0 0.36953125 0.86875 0.06015625 0.05234375
0 0.675 0.96171875 0.04609375 0.05234375
0 0.1828125 0.07890625 0.08046875 0.06953125
0 0.29921875 0.071875 0.0453125 0.03984375
0 0.36484375 0.15703125 0.034375 0.028125
0 0.4828125 0.14765625 0.0328125 0.0546875
0 0.33125 0.28203125 0.0453125 0.0171875
0 0.35625 0.34140625 0.0296875 0.04453125
0 0.11953125 0.6015625 0.02109375 0.0234375
0 0.12578125 0.74921875 0.02109375 0.03671875
0 0.34375 0.7515625 0.01640625 0.025
0 0.2421875 0.22109375 0.03046875 0.03984375
0 0.30546875 0.55390625 0.021875 0.0265625
0 0.3421875 0.60859375 0.02421875 0.02421875
0 0.74921875 0.93671875 0.0171875 0.0390625
0 0.75546875 0.09921875 0.0375 0.04453125