0 0.490625 0.0359375 0.05625 0.0578125
0 0.8171875 0.13203125 0.06875 0.0703125
0 0.33515625 0.13359375 0.0671875 0.0640625
0 0.58046875 0.3671875 0.0875 0.096875
0 0.97421875 0.60078125 0.0375 0.0578125
0 0.2375 0.471875 0.0828125 0.1
0 0.09765625 0.4453125 0.1015625 0.09375
0 0.5796875 0.62734375 0.0390625 0.0515625
0 0.51015625 0.63125 0.05625 0.0703125
0 0.68828125 0.73828125 0.0578125 0.1015625
0 0.09921875 0.70078125 0.046875 0.05625
0 0.34375 0.83359375 0.0609375 0.0625
0 0.23046875 0.825 0.0703125 0.06875
0 0.67265625 0.93359375 0.0890625 0.071875
0 0.3875 0.89453125 0.0984375 0.0953125
0 0.178125 0.92109375 0.0546875 0.0484375