0 0.31015625 0.4453125 0.0625 0.07109375
0 0.903125 0.39140625 0.1046875 0.090625
0 0.90234375 0.56796875 0.103125 0.075
0 0.75234375 0.95 0.01484375 0.0453125
0 0.809375 0.86953125 0.0546875 0.05078125
0 0.57265625 0.7515625 0.08984375 0.09140625
0 0.64765625 0.57265625 0.03125 0.0390625
0 0.6375 0.34140625 0.03515625 0.03125
0 0.590625 0.23203125 0.06015625 0.05390625
0 0.10859375 0.37734375 0.0421875 0.034375
0 0.18984375 0.33515625 0.03125 0.040625
0 0.19453125 0.221875 0.03359375 0.025
0 0.31484375 0.36015625 0.01796875 0.01640625
0 0.36640625 0.3046875 0.0375 0.04140625
0 0.30078125 0.61484375 0.0171875 0.02421875
0 0.40859375 0.571875 0.0265625 0.0375
0 0.44609375 0.78515625 0.01484375 0.02109375
0 0.4546875 0.7375 0.0359375 0.0375
0 0.10234375 0.75546875 0.06171875 0.05703125
0 0.175 0.884375 0.0453125 0.03828125
0 0.1390625 0.54140625 0.02890625 0.04765625
0 0.0265625 0.2421875 0.03984375 0.03671875
0 0.21015625 0.4296875 0.0125 0.0359375
0 0.72578125 0.49921875 0.0296875 0.03359375
0 0.4078125 0.14765625 0.03359375 0.03046875
0 0.34140625 0.54140625 0.01875 0.01484375
0 0.44140625 0.48671875 0.02109375 0.02890625
0 0.72421875 0.69609375 0.0265625 0.0296875