0 0.3046875 0.47265625 0.071875 0.0796875
0 0.884375 0.33671875 0.115625 0.1046875
0 0.9078125 0.5109375 0.1125 0.0890625
0 0.8125 0.91015625 0.0203125 0.046875
0 0.8578125 0.82265625 0.0609375 0.0578125
0 0.60703125 0.7390625 0.1015625 0.103125
0 0.65625 0.5515625 0.0359375 0.04375
0 0.6140625 0.3234375 0.0390625 0.0359375
0 0.55234375 0.221875 0.0671875 0.0625
0 0.0953125 0.4328125 0.046875 0.040625
0 0.16953125 0.3796875 0.0359375 0.0453125
0 0.15859375 0.2671875 0.0375 0.0296875
0 0.296875 0.3875 0.0203125 0.01875
0 0.340625 0.325 0.0421875 0.046875
0 0.31875 0.64140625 0.0203125 0.0265625
0 0.41953125 0.58359375 0.03125 0.040625
0 0.4859375 0.78984375 0.0171875 0.0234375
0 0.48828125 0.74140625 0.040625 0.0421875
0 0.14140625 0.80859375 0.06875 0.065625
0 0.23203125 0.92578125 0.05 0.04375
0 0.1484375 0.59140625 0.0359375 0.0515625
0 0.00859375 0.31015625 0.0171875 0.0421875
0 0.203125 0.47109375 0.0171875 0.0375
0 0.7234375 0.46796875 0.034375 0.0375
0 0.359375 0.1640625 0.0375 0.034375
0 0.3484375 0.56328125 0.0203125 0.0171875
0 0.43984375 0.4953125 0.025 0.03125
0 0.74921875 0.66328125 0.0296875 0.0328125