0 0.50390625 0.16875 0.0421875 0.0390625
0 0.51953125 0.0171875 0.0328125 0.034375
0 0.31875 0.34375 0.05 0.0453125
0 0.24921875 0.596875 0.0359375 0.021875
0 0.3328125 0.53671875 0.0453125 0.0640625
0 0.4046875 0.62421875 0.0375 0.059375
0 0.4625 0.596875 0.0703125 0.0734375
0 0.57890625 0.5203125 0.0265625 0.0390625
0 0.3484375 0.4046875 0.053125 0.04375
0 0.0625 0.6234375 0.0671875 0.0890625
0 0.35234375 0.8078125 0.0609375 0.0609375
0 0.39140625 0.89921875 0.0796875 0.059375
0 0.51328125 0.71875 0.0328125 0.0265625
0 0.565625 0.76875 0.0203125 0.03125
0 0.19453125 0.703125 0.0515625 0.04375
0 0.67578125 0.28671875 0.0453125 0.0453125
0 0.21171875 0.20546875 0.0296875 0.0390625
0 0.240625 0.28671875 0.0203125 0.0234375
0 0.35390625 0.22578125 0.021875 0.0234375
0 0.38203125 0.146875 0.040625 0.0296875
0 0.5109375 0.4 0.01875 0.0359375
0 0.54453125 0.40859375 0.0171875 0.025
0 0.8953125 0.7765625 0.034375 0.034375
0 0.5078125 0.98515625 0.040625 0.0296875
0 0.2796875 0.91796875 0.028125 0.025
0 0.1328125 0.63359375 0.0203125 0.0453125
0 0.00703125 0.47734375 0.0140625 0.0453125
0 0.26875 0.67578125 0.01875 0.0328125
0 0.9671875 0.94765625 0.015625 0.01875
0 0.825 0.93203125 0.0203125 0.015625
0 0.86796875 0.11796875 0.0171875 0.028125
0 0.409375 0.85546875 0.0140625 0.025