0 0.37109375 0.54609375 0.015625 0.01953125
0 0.4078125 0.5171875 0.025 0.05703125
0 0.546875 0.39296875 0.03125 0.03671875
0 0.62421875 0.3875 0.05234375 0.0671875
0 0.96171875 0.67109375 0.07578125 0.1296875
0 0.96875 0.784375 0.0265625 0.04140625
0 0.6046875 0.7953125 0.02890625 0.03359375
0 0.134375 0.6734375 0.03515625 0.0921875
0 0.2046875 0.7390625 0.03671875 0.03359375
0 0.27734375 0.80234375 0.0328125 0.04296875
0 0.26328125 0.72890625 0.02421875 0.0296875
0 0.3484375 0.8015625 0.0296875 0.03046875
0 0.28515625 0.41015625 0.02109375 0.0328125
0 0.3765625 0.34609375 0.04609375 0.025
0 0.32109375 0.28359375 0.040625 0.05703125
0 0.2515625 0.21875 0.040625 0.0515625
0 0.328125 0.0234375 0.05546875 0.04140625
0 0.65234375 0.06640625 0.03203125 0.0375
0 0.9609375 0.12109375 0.04921875 0.03828125
0 0.97734375 0.18671875 0.028125 0.0453125
0 0.1375 0.56875 0.021875 0.02734375
0 0.26796875 0.5796875 0.0296875 0.028125
0 0.25 0.5015625 0.021875 0.021875
0 0.44453125 0.69453125 0.02734375 0.02265625
0 0.44140625 0.265625 0.0140625 0.0296875
0 0.459375 0.240625 0.01875 0.02421875
0 0.5171875 0.6953125 0.0234375 0.03203125
0 0.5125 0.60390625 0.0171875 0.01953125
0 0.15859375 0.36015625 0.02421875 0.0234375
0 0.51171875 0.98125 0.04375 0.0375
0 0.48359375 0.2921875 0.01875 0.01328125
0 0.38203125 0.9546875 0.021875 0.03359375
0 0.43359375 0.93125 0.0296875 0.02421875
0 0.15234375 0.92109375 0.0359375 0.0203125
0 0.62109375 0.97421875 0.01796875 0.02734375
0 0.43046875 0.81953125 0.0234375 0.03203125