0 0.6109375 0.38515625 0.0484375 0.053125
0 0.909375 0.49765625 0.06640625 0.06328125
0 0.3453125 0.60234375 0.05859375 0.04140625
0 0.37265625 0.3671875 0.05 0.03828125
0 0.44609375 0.46171875 0.0109375 0.02890625
0 0.86796875 0.02890625 0.0421875 0.02734375
0 0.4515625 0.41171875 0.01328125 0.0125
0 0.48984375 0.37890625 0.015625 0.025
0 0.0703125 0.47265625 0.0140625 0.0171875
0 0.17421875 0.415625 0.03125 0.040625
0 0.240625 0.4203125 0.02734375 0.02890625
0 0.06484375 0.40234375 0.034375 0.03828125
0 0.51640625 0.0109375 0.0234375 0.021875
0 0.6578125 0.04296875 0.0203125 0.02265625
0 0.21796875 0.81796875 0.05703125 0.0453125
0 0.0984375 0.725 0.02734375 0.04609375
0 0.02265625 0.90078125 0.0453125 0.0390625
0 0.52421875 0.98203125 0.021875 0.021875
0 0.22734375 0.934375 0.05078125 0.05078125
0 0.33203125 0.546875 0.015625 0.02109375
0 0.43671875 0.56171875 0.01171875 0.01796875
0 0.54453125 0.50078125 0.02265625 0.02734375
0 0.7453125 0.5109375 0.02578125 0.0328125
0 0.78828125 0.59375 0.03203125 0.03984375
0 0.215625 0.51328125 0.0203125 0.028125
0 0.396875 0.21953125 0.02734375 0.0203125
0 0.55625 0.21328125 0.021875 0.02890625
0 0.39453125 0.77734375 0.0140625 0.01953125
0 0.5921875 0.5359375 0.02265625 0.0234375
0 0.61640625 0.18203125 0.0203125 0.015625
0 0.65703125 0.884375 0.03125 0.034375
0 0.21953125 0.21328125 0.03203125 0.02890625
0 0.9484375 0.896875 0.0171875 0.02578125
0 0.4796875 0.4828125 0.015625 0.01640625
0 0.92109375 0.15390625 0.0140625 0.0125
0 0.07890625 0.953125 0.01015625 0.03046875
0 0.178125 0.3265625 0.01640625 0.01484375
0 0.559375 0.671875 0.0125 0.01484375