0 0.52734375 0.16953125 0.0390625 0.03671875
0 0.55390625 0.01796875 0.0296875 0.03515625
0 0.33046875 0.33125 0.04765625 0.04140625
0 0.24296875 0.57890625 0.03515625 0.01953125
0 0.33046875 0.525 0.040625 0.0609375
0 0.39609375 0.6171875 0.0328125 0.0578125
0 0.45546875 0.59375 0.065625 0.06953125
0 0.57734375 0.52578125 0.02421875 0.03671875
0 0.35546875 0.39453125 0.05078125 0.03984375
0 0.0546875 0.59296875 0.06171875 0.084375
0 0.33125 0.796875 0.0578125 0.05703125
0 0.3640625 0.890625 0.0765625 0.0546875
0 0.49765625 0.71875 0.03125 0.025
0 0.546875 0.77265625 0.01875 0.0296875
0 0.18125 0.68125 0.04921875 0.040625
0 0.690625 0.29921875 0.04296875 0.04296875
0 0.2328125 0.1859375 0.02734375 0.03671875
0 0.25625 0.26953125 0.01875 0.021875
0 0.3734375 0.21640625 0.0203125 0.02265625
0 0.40703125 0.13984375 0.0390625 0.0265625
0 0.51796875 0.40078125 0.01640625 0.03515625
0 0.55078125 0.41171875 0.015625 0.0234375
0 0.875 0.803125 0.03203125 0.03203125
0 0.475 0.98515625 0.03828125 0.028125
0 0.25078125 0.9015625 0.0265625 0.0234375
0 0.12421875 0.6078125 0.01796875 0.04375
0 0.0078125 0.44375 0.015625 0.04375
0 0.25703125 0.659375 0.01640625 0.03125
0 0.93515625 0.97890625 0.01484375 0.0171875
0 0.79375 0.95390625 0.01953125 0.01484375
0 0.89375 0.14453125 0.01484375 0.02734375
0 0.38515625 0.8484375 0.0125 0.02421875