0 0.63359375 0.4703125 0.0171875 0.021875
0 0.59375 0.49453125 0.03125 0.059375
0 0.440625 0.60078125 0.0359375 0.040625
0 0.36328125 0.596875 0.059375 0.0734375
0 0.0625 0.27421875 0.090625 0.1375
0 0.06953125 0.1609375 0.03125 0.04375
0 0.43203125 0.19375 0.0328125 0.0375
0 0.884375 0.37265625 0.046875 0.0953125
0 0.821875 0.2984375 0.040625 0.0375
0 0.7578125 0.22734375 0.0375 0.046875
0 0.7625 0.3015625 0.028125 0.0328125
0 0.6875 0.21953125 0.0328125 0.034375
0 0.70234375 0.615625 0.025 0.034375
0 0.60390625 0.66796875 0.0484375 0.0296875
0 0.6515625 0.73671875 0.046875 0.0609375
0 0.7125 0.809375 0.046875 0.05625
0 0.6125 0.984375 0.059375 0.03125
0 0.29609375 0.91171875 0.0359375 0.040625
0 0.0109375 0.81875 0.021875 0.04375
0 0.86796875 0.47578125 0.025 0.0296875
0 0.73984375 0.44921875 0.0328125 0.03125
0 0.7484375 0.52890625 0.025 0.025
0 0.57890625 0.3140625 0.0296875 0.0265625
0 0.5296875 0.73984375 0.0171875 0.03125
0 0.50859375 0.7625 0.021875 0.0265625
0 0.50703125 0.30390625 0.0265625 0.034375
0 0.5 0.3953125 0.01875 0.021875
0 0.821875 0.68046875 0.0265625 0.0265625
0 0.546875 0.02109375 0.0484375 0.0421875
0 0.490625 0.70859375 0.0203125 0.015625
0 0.67265625 0.06328125 0.0265625 0.0359375
0 0.61875 0.0796875 0.0328125 0.028125
0 0.89609375 0.12421875 0.0375 0.025
0 0.4375 0.01484375 0.021875 0.0296875
0 0.6078125 0.19140625 0.0265625 0.034375