0 0.62109375 0.43671875 0.01875 0.021875
0 0.5890625 0.4703125 0.0328125 0.059375
0 0.46875 0.6125 0.0359375 0.040625
0 0.39296875 0.62890625 0.0609375 0.0734375
0 0.0328125 0.39453125 0.065625 0.1390625
0 0.00625 0.28359375 0.0125 0.0453125
0 0.35546875 0.221875 0.0328125 0.0375
0 0.83828125 0.27734375 0.046875 0.096875
0 0.759375 0.221875 0.040625 0.0390625
0 0.678125 0.16953125 0.0390625 0.046875
0 0.70234375 0.240625 0.028125 0.0328125
0 0.6078125 0.18046875 0.034375 0.034375
0 0.725 0.559375 0.025 0.0359375
0 0.64375 0.63515625 0.0484375 0.03125
0 0.70703125 0.6890625 0.0484375 0.0625
0 0.78515625 0.74375 0.046875 0.05625
0 0.73671875 0.94765625 0.0609375 0.0484375
0 0.409375 0.95078125 0.0375 0.0421875
0 0.09609375 0.9390625 0.0546875 0.0453125
0 0.07109375 0.8765625 0.034375 0.0484375
0 0.84921875 0.38125 0.025 0.0296875
0 0.71875 0.3890625 0.0328125 0.03125
0 0.74765625 0.46328125 0.025 0.025
0 0.528125 0.3 0.0296875 0.0265625
0 0.590625 0.72421875 0.01875 0.03125
0 0.5765625 0.7515625 0.021875 0.0265625
0 0.45546875 0.30859375 0.028125 0.034375
0 0.4734375 0.39921875 0.0203125 0.021875
0 0.8578125 0.590625 0.0265625 0.0265625
0 0.42109375 0.025 0.0484375 0.04375
0 0.5453125 0.703125 0.0203125 0.015625
0 0.55390625 0.03359375 0.0265625 0.0359375
0 0.50546875 0.0640625 0.0328125 0.028125
0 0.7859375 0.034375 0.0390625 0.025
0 0.3140625 0.046875 0.021875 0.0296875
0 0.52421875 0.17421875 0.028125 0.034375