0 0.45546875 0.82890625 0.040625 0.0390625
0 0.42109375 0.97890625 0.03125 0.0359375
0 0.66015625 0.67734375 0.05 0.04375
0 0.7609375 0.434375 0.0359375 0.021875
0 0.6703125 0.48359375 0.04375 0.0625
0 0.61015625 0.38828125 0.0359375 0.059375
0 0.54921875 0.40859375 0.06875 0.0734375
0 0.42421875 0.4703125 0.0265625 0.0375
0 0.6390625 0.6125 0.053125 0.0421875
0 0.94921875 0.43046875 0.065625 0.0875
0 0.684375 0.2125 0.0609375 0.059375
0 0.65625 0.1171875 0.0796875 0.059375
0 0.5140625 0.28203125 0.0328125 0.0265625
0 0.4671875 0.225 0.0203125 0.03125
0 0.828125 0.3359375 0.0515625 0.04375
0 0.29921875 0.690625 0.0453125 0.0453125
0 0.75 0.82734375 0.0296875 0.0375
0 0.73125 0.74296875 0.0203125 0.0234375
0 0.61171875 0.78984375 0.021875 0.0234375
0 0.57421875 0.86484375 0.040625 0.028125
0 0.4765625 0.5984375 0.01875 0.0359375
0 0.44453125 0.58515625 0.0171875 0.025
0 0.14140625 0.17734375 0.034375 0.034375
0 0.55 0.0171875 0.0390625 0.0296875
0 0.76953125 0.11171875 0.028125 0.025
0 0.88125 0.41171875 0.0203125 0.0453125
0 0.98828125 0.58203125 0.0171875 0.04375
0 0.75078125 0.35390625 0.01875 0.0328125
0 0.090625 0.00390625 0.015625 0.0078125
0 0.23046875 0.03125 0.0203125 0.015625
0 0.08828125 0.834375 0.015625 0.028125
0 0.6328125 0.1578125 0.0140625 0.025