0 0.58203125 0.36328125 0.059375 0.0625
0 0.8984375 0.40546875 0.0796875 0.0765625
0 0.37265625 0.634375 0.0671875 0.053125
0 0.34609375 0.39921875 0.0578125 0.0484375
0 0.4390625 0.475 0.0171875 0.03125
0 0.4328125 0.425 0.015625 0.015625
0 0.4625 0.384375 0.0203125 0.028125
0 0.075 0.5703125 0.0171875 0.0203125
0 0.16328125 0.49140625 0.0390625 0.046875
0 0.2296875 0.48046875 0.0328125 0.034375
0 0.05390625 0.503125 0.0421875 0.0453125
0 0.40625 0.01953125 0.028125 0.0265625
0 0.55078125 0.01953125 0.025 0.0265625
0 0.296875 0.8734375 0.065625 0.05625
0 0.159375 0.809375 0.0375 0.0515625
0 0.125 0.98671875 0.053125 0.0265625
0 0.63203125 0.9640625 0.0265625 0.0265625
0 0.33203125 0.9765625 0.0609375 0.046875
0 0.346875 0.58359375 0.0203125 0.0234375
0 0.45234375 0.57421875 0.015625 0.0203125
0 0.54375 0.490625 0.028125 0.03125
0 0.74140625 0.45546875 0.0328125 0.0375
0 0.80234375 0.5265625 0.040625 0.0453125
0 0.22578125 0.5765625 0.0265625 0.03125
0 0.33671875 0.25 0.03125 0.0265625
0 0.490625 0.2078125 0.028125 0.0328125
0 0.459375 0.79375 0.01875 0.021875
0 0.59765625 0.5140625 0.028125 0.028125
0 0.5421875 0.1640625 0.0234375 0.0203125
0 0.73984375 0.8390625 0.0375 0.040625
0 0.1625 0.28359375 0.0375 0.0359375
0 0.4765625 0.4875 0.01875 0.01875
0 0.8328125 0.06796875 0.0171875 0.015625
0 0.14765625 0.403125 0.01875 0.01875
0 0.596875 0.65390625 0.015625 0.0171875