0 0.62890625 0.40625 0.05625 0.0609375
0 0.90390625 0.56875 0.0765625 0.0734375
0 0.3296875 0.57421875 0.065625 0.0515625
0 0.39765625 0.346875 0.05625 0.046875
0 0.45390625 0.453125 0.015625 0.0296875
0 0.94453125 0.1 0.046875 0.034375
0 0.46796875 0.4046875 0.015625 0.0140625
0 0.5109375 0.37890625 0.0203125 0.0265625
0 0.08125 0.3984375 0.0171875 0.01875
0 0.19375 0.36015625 0.0375 0.0453125
0 0.25859375 0.3765625 0.03125 0.0328125
0 0.08828125 0.328125 0.040625 0.04375
0 0.60078125 0.02109375 0.0265625 0.025
0 0.73515625 0.07734375 0.0234375 0.0265625
0 0.1671875 0.7640625 0.0640625 0.0546875
0 0.065625 0.6515625 0.034375 0.05
0 0.43984375 0.97890625 0.025 0.025
0 0.15625 0.88046875 0.059375 0.059375
0 0.3265625 0.5171875 0.01875 0.0234375
0 0.42734375 0.55 0.0140625 0.0203125
0 0.54375 0.50859375 0.0265625 0.03125
0 0.73984375 0.553125 0.03125 0.0375
0 0.76796875 0.6421875 0.0390625 0.0453125
0 0.21796875 0.4640625 0.025 0.03125
0 0.446875 0.20625 0.0296875 0.025
0 0.60546875 0.22734375 0.0265625 0.0328125
0 0.34765625 0.7546875 0.0171875 0.021875
0 0.584375 0.5515625 0.0265625 0.0265625
0 0.66953125 0.20703125 0.0234375 0.01875
0 0.58828125 0.90546875 0.0375 0.0390625
0 0.2734375 0.16875 0.0359375 0.034375
0 0.87265625 0.96875 0.021875 0.028125
0 0.4828125 0.4796875 0.01875 0.01875
0 0.975 0.23203125 0.015625 0.0140625
0 0.00703125 0.8734375 0.0140625 0.03125
0 0.21328125 0.2734375 0.01875 0.0171875
0 0.52890625 0.6796875 0.015625 0.0171875