0 0.8015625 0.396875 0.04765625 0.0359375
0 0.7265625 0.74609375 0.03125 0.02265625
0 0.82578125 0.68828125 0.0359375 0.03515625
0 0.39921875 0.9640625 0.05546875 0.05703125
0 0.11015625 0.90546875 0.0546875 0.05234375
0 0.08046875 0.7125 0.034375 0.0578125
0 0.30703125 0.246875 0.03671875 0.04140625
0 0.51484375 0.17265625 0.02578125 0.0265625
0 0.6203125 0.109375 0.0546875 0.04765625
0 0.1109375 0.05703125 0.02421875 0.034375
0 0.10625 0.53984375 0.01484375 0.01484375
0 0.19296875 0.4640625 0.01484375 0.0171875
0 0.28671875 0.47265625 0.02734375 0.0296875
0 0.62421875 0.43359375 0.02421875 0.02578125
0 0.33671875 0.63515625 0.04453125 0.03984375
0 0.22578125 0.359375 0.0359375 0.021875
0 0.88203125 0.54921875 0.02265625 0.02578125
0 0.25625 0.8296875 0.021875 0.03203125
0 0.38515625 0.34609375 0.0125 0.0171875
0 0.3796875 0.2125 0.02109375 0.03046875
0 0.415625 0.55078125 0.021875 0.01640625
0 0.30703125 0.51953125 0.0140625 0.025
0 0.19375 0.7078125 0.0203125 0.0203125
0 0.38515625 0.8625 0.0234375 0.01875
0 0.2078125 0.0140625 0.02734375 0.0234375
0 0.21015625 0.1953125 0.021875 0.01796875
0 0.35234375 0.14375 0.009375 0.01796875
0 0.275 0.1203125 0.0125 0.0203125
0 0.88671875 0.16015625 0.0078125 0.021875