0 0.78671875 0.3609375 0.0515625 0.0421875
0 0.7546875 0.71640625 0.034375 0.0265625
0 0.84609375 0.646875 0.040625 0.0390625
0 0.45625 0.9703125 0.0625 0.059375
0 0.1625 0.95 0.0609375 0.059375
0 0.109375 0.76171875 0.040625 0.0609375
0 0.27734375 0.27265625 0.0421875 0.0453125
0 0.475 0.1734375 0.028125 0.0296875
0 0.571875 0.09765625 0.059375 0.0546875
0 0.06015625 0.1078125 0.028125 0.0375
0 0.1140625 0.5875 0.0171875 0.0171875
0 0.190625 0.5015625 0.0171875 0.01875
0 0.28515625 0.49921875 0.03125 0.0328125
0 0.61484375 0.41875 0.0265625 0.028125
0 0.3546875 0.65390625 0.0484375 0.0453125
0 0.2109375 0.39375 0.0390625 0.0265625
0 0.88515625 0.50234375 0.025 0.028125
0 0.2984375 0.85703125 0.025 0.034375
0 0.3671875 0.3609375 0.0140625 0.01875
0 0.3453125 0.2296875 0.025 0.0328125
0 0.42265625 0.5609375 0.0234375 0.01875
0 0.3109375 0.54296875 0.0171875 0.0265625
0 0.22109375 0.74375 0.021875 0.021875
0 0.43046875 0.8734375 0.025 0.021875
0 0.15078125 0.053125 0.0296875 0.0265625
0 0.175 0.2328125 0.0234375 0.0203125
0 0.31015625 0.1640625 0.0109375 0.01875
0 0.23046875 0.15078125 0.015625 0.021875
0 0.8421875 0.115625 0.0109375 0.0234375