0 0.3703125 0.02109375 0.034375 0.0421875
0 0.06640625 0.06484375 0.0375 0.05625
0 0.49765625 0.24453125 0.0390625 0.03515625
0 0.4046875 0.25859375 0.0671875 0.05234375
0 0.1921875 0.32578125 0.04609375 0.040625
0 0.484375 0.35390625 0.0265625 0.059375
0 0.05390625 0.38515625 0.0546875 0.0296875
0 0.45703125 0.50546875 0.03046875 0.04296875
0 0.06875 0.6078125 0.03359375 0.046875
0 0.27421875 0.63515625 0.0515625 0.04453125
0 0.37890625 0.63671875 0.03046875 0.0296875
0 0.66171875 0.66328125 0.04453125 0.040625
0 0.2234375 0.71171875 0.02109375 0.0484375
0 0.103125 0.97578125 0.03203125 0.04453125