0 0.18515625 0.54921875 0.053125 0.04375
0 0.31953125 0.21796875 0.034375 0.028125
0 0.21171875 0.2578125 0.0421875 0.040625
0 0.6796875 0.06015625 0.0640625 0.065625
0 0.9546875 0.16875 0.0625 0.0609375
0 0.95 0.36328125 0.04375 0.0625
0 0.64609375 0.7828125 0.04375 0.046875
0 0.42890625 0.81953125 0.0296875 0.03125
0 0.3140625 0.8640625 0.0625 0.05625
0 0.80546875 0.9921875 0.0296875 0.015625
0 0.89453125 0.52890625 0.0171875 0.0171875
0 0.79609375 0.5890625 0.0171875 0.01875
0 0.70546875 0.5640625 0.0328125 0.034375
0 0.36640625 0.54375 0.028125 0.0296875
0 0.684375 0.3953125 0.05 0.046875
0 0.7453125 0.6859375 0.0390625 0.028125
0 0.13203125 0.38515625 0.0265625 0.0296875
0 0.79765625 0.21796875 0.0265625 0.0359375
0 0.58671875 0.671875 0.015625 0.01875
0 0.56875 0.80390625 0.0265625 0.034375
0 0.5921875 0.46484375 0.025 0.0203125
0 0.69375 0.5140625 0.01875 0.0265625
0 0.8375 0.3484375 0.0234375 0.0234375
0 0.67578125 0.16328125 0.0265625 0.021875
0 0.7328125 0.85 0.025 0.021875
0 0.58359375 0.8765625 0.0125 0.01875
0 0.65546875 0.91328125 0.015625 0.021875
0 0.06015625 0.7671875 0.0109375 0.0234375