0 0.509375 0.0140625 0.04375 0.028125
0 0.440625 0.2515625 0.046875 0.04375
0 0.534375 0.24296875 0.078125 0.0671875
0 0.75625 0.25625 0.0546875 0.05
0 0.4796875 0.3546875 0.040625 0.0640625
0 0.9046875 0.28046875 0.0609375 0.0421875
0 0.54296875 0.49453125 0.040625 0.0484375
0 0.94453125 0.5 0.04375 0.053125
0 0.7515625 0.5765625 0.0609375 0.05625
0 0.65078125 0.603125 0.0375 0.0359375
0 0.3828125 0.69765625 0.053125 0.05
0 0.81953125 0.63828125 0.0328125 0.0515625
0 0.9890625 0.86484375 0.021875 0.0515625