0 0.378125 0.01953125 0.09921875 0.0390625
0 0.30625 0.30546875 0.04453125 0.04453125
0 0.83203125 0.3109375 0.04765625 0.0484375
0 0.57890625 0.33671875 0.06015625 0.10078125
0 0.6375 0.42578125 0.0640625 0.03515625
0 0.603125 0.48984375 0.0515625 0.05234375
0 0.2125 0.5078125 0.0375 0.0578125
0 0.11875 0.5890625 0.028125 0.05390625
0 0.428125 0.70390625 0.0390625 0.0671875
0 0.56640625 0.721875 0.05 0.0390625
0 0.52421875 0.76015625 0.053125 0.0484375
0 0.41328125 0.878125 0.0546875 0.05390625