0 0.27109375 0.01015625 0.0234375 0.0203125
0 0.21953125 0.01640625 0.0265625 0.0328125
0 0.50546875 0.053125 0.0625 0.06171875
0 0.8609375 0.07890625 0.0234375 0.03515625
0 0.01953125 0.0953125 0.01796875 0.01484375
0 0.34296875 0.18828125 0.053125 0.0484375
0 0.42265625 0.2203125 0.053125 0.0765625
0 0.8328125 0.25078125 0.028125 0.03515625
0 0.4046875 0.3015625 0.01796875 0.02265625
0 0.58828125 0.3390625 0.03515625 0.059375
0 0.284375 0.35 0.01796875 0.0296875
0 0.190625 0.36484375 0.0265625 0.02578125
0 0.60546875 0.4078125 0.02109375 0.01484375
0 0.0046875 0.440625 0.00859375 0.03515625
0 0.78984375 0.446875 0.03359375 0.0375
0 0.125 0.4546875 0.01953125 0.0484375
0 0.04453125 0.503125 0.04296875 0.0484375
0 0.33359375 0.5078125 0.0890625 0.0875
0 0.7015625 0.53984375 0.04296875 0.096875
0 0.83125 0.54296875 0.02109375 0.04296875
0 0.43984375 0.58125 0.015625 0.02265625
0 0.86640625 0.58671875 0.025 0.03359375
0 0.57109375 0.6078125 0.0125 0.01640625
0 0.78203125 0.60859375 0.0109375 0.0109375
0 0.5375 0.62109375 0.0234375 0.03515625
0 0.628125 0.6609375 0.00859375 0.0109375
0 0.15703125 0.69453125 0.0125 0.01875
0 0.37890625 0.6953125 0.01953125 0.01640625
0 0.1171875 0.70546875 0.01796875 0.04453125
0 0.55625 0.74296875 0.0125 0.01640625
0 0.1578125 0.75078125 0.01796875 0.0296875
0 0.8171875 0.75625 0.0140625 0.0109375
0 0.54140625 0.7671875 0.01796875 0.01875
0 0.4765625 0.778125 0.015625 0.01875
0 0.6375 0.78828125 0.0390625 0.0796875
0 0.74296875 0.815625 0.00859375 0.0078125
0 0.01875 0.81875 0.0375 0.07265625
0 0.9171875 0.8203125 0.0125 0.01328125
0 0.35 0.89375 0.0109375 0.01875
0 0.51484375 0.90859375 0.03203125 0.02265625
0 0.4140625 0.92890625 0.0109375 0.0109375
0 0.48515625 0.9796875 0.0140625 0.01875
0 0.77421875 0.984375 0.0390625 0.028125