0 0.1078125 0.43984375 0.0625 0.1421875
0 0.14140625 0.38203125 0.0234375 0.025
0 0.18125 0.3875 0.04375 0.05
0 0.81171875 0.1703125 0.0640625 0.065625
0 0.83515625 0.26640625 0.0453125 0.0421875
0 0.79453125 0.71171875 0.053125 0.059375
0 0.66328125 0.86640625 0.03125 0.0609375
0 0.3859375 0.7109375 0.0203125 0.0375
0 0.40078125 0.79375 0.0359375 0.028125
0 0.50625 0.64609375 0.03125 0.0375
0 0.73125 0.6359375 0.0265625 0.03125
0 0.61484375 0.29609375 0.0203125 0.0296875
0 0.7375 0.51328125 0.0390625 0.06875
0 0.0125 0.2015625 0.025 0.0625
0 0.26015625 0.6 0.01875 0.0203125
0 0.3484375 0.08046875 0.03125 0.034375
0 0.40859375 0.1109375 0.0265625 0.0234375
0 0.41015625 0.4515625 0.0203125 0.021875
0 0.9140625 0.81484375 0.021875 0.0234375
0 0.30703125 0.4875 0.01875 0.021875