0 0.39453125 0.98125 0.0359375 0.0375
0 0.08984375 0.95703125 0.040625 0.0578125
0 0.5109375 0.75546875 0.040625 0.0375
0 0.4171875 0.74609375 0.0703125 0.05625
0 0.2015625 0.68984375 0.0484375 0.04375
0 0.4921875 0.646875 0.0296875 0.0609375
0 0.06015625 0.63828125 0.05625 0.0328125
0 0.45703125 0.496875 0.0328125 0.04375
0 0.0640625 0.41484375 0.0359375 0.0484375
0 0.2671875 0.3765625 0.053125 0.046875
0 0.371875 0.36953125 0.03125 0.03125
0 0.653125 0.328125 0.046875 0.0421875
0 0.2125 0.303125 0.0234375 0.05
0 0.07890625 0.0453125 0.034375 0.046875