0 0.22109375 0.03671875 0.025 0.021875
0 0.1703125 0.0484375 0.0296875 0.0359375
0 0.45859375 0.0546875 0.06875 0.0671875
0 0.81484375 0.04375 0.0265625 0.0375
0 0.3109375 0.20625 0.0578125 0.053125
0 0.39375 0.2296875 0.0609375 0.08125
0 0.8046875 0.2171875 0.03125 0.0375
0 0.384375 0.3125 0.0203125 0.025
0 0.57109375 0.33046875 0.040625 0.0625
0 0.26953125 0.3734375 0.0203125 0.03125
0 0.178125 0.39765625 0.0296875 0.028125
0 0.5953125 0.39765625 0.021875 0.0171875
0 0.00390625 0.49296875 0.0078125 0.0359375
0 0.7828125 0.4171875 0.0375 0.040625
0 0.12265625 0.49375 0.025 0.05
0 0.04765625 0.55078125 0.0484375 0.053125
0 0.33515625 0.525 0.0984375 0.096875
0 0.7046875 0.51875 0.053125 0.1015625
0 0.83359375 0.5078125 0.025 0.0453125
0 0.4484375 0.58671875 0.0171875 0.0234375
0 0.8734375 0.54765625 0.028125 0.0359375
0 0.58203125 0.6 0.0140625 0.0171875
0 0.7921875 0.57890625 0.0125 0.0125
0 0.55 0.61640625 0.0265625 0.0375
0 0.64453125 0.646875 0.009375 0.0125
0 0.17890625 0.7296875 0.0140625 0.0203125
0 0.4 0.70703125 0.021875 0.01875
0 0.140625 0.74453125 0.021875 0.046875
0 0.58125 0.7359375 0.0140625 0.0171875
0 0.1859375 0.78515625 0.0203125 0.03125
0 0.8421875 0.721875 0.015625 0.0125
0 0.56875 0.76171875 0.0203125 0.0203125
0 0.50546875 0.77890625 0.0171875 0.0203125
0 0.6671875 0.77265625 0.046875 0.0828125
0 0.775 0.78828125 0.009375 0.009375
0 0.0546875 0.8671875 0.0453125 0.0765625
0 0.9484375 0.775 0.0140625 0.0140625
0 0.3921875 0.90703125 0.0125 0.0203125
0 0.5578125 0.9046875 0.034375 0.0265625
0 0.459375 0.93515625 0.0125 0.0125
0 0.53515625 0.97890625 0.015625 0.0203125
0 0.8234375 0.953125 0.0421875 0.0328125