0 0.14921875 0.315625 0.0859375 0.1484375
0 0.2 0.271875 0.0265625 0.028125
0 0.23515625 0.28984375 0.0515625 0.05625
0 0.9015625 0.28984375 0.0734375 0.075
0 0.89296875 0.38828125 0.0515625 0.05
0 0.709375 0.79609375 0.0625 0.065625
0 0.53515625 0.89921875 0.040625 0.0640625
0 0.32421875 0.6625 0.0265625 0.0390625
0 0.31015625 0.7453125 0.040625 0.034375
0 0.45859375 0.63984375 0.0359375 0.0421875
0 0.67421875 0.70390625 0.03125 0.034375
0 0.675 0.34453125 0.025 0.03125
0 0.7203125 0.58984375 0.05 0.0734375
0 0.1328125 0.05859375 0.0421875 0.065625
0 0.240625 0.51640625 0.021875 0.021875
0 0.49296875 0.05390625 0.0375 0.0390625
0 0.53984375 0.10234375 0.0296875 0.0265625
0 0.43125 0.425 0.0234375 0.025
0 0.7890625 0.9328125 0.0265625 0.0265625
0 0.321875 0.42578125 0.021875 0.0234375