0 0.11328125 0.5875 0.05234375 0.1390625
0 0.15078125 0.64296875 0.02109375 0.0234375
0 0.18984375 0.634375 0.03984375 0.04765625
0 0.83359375 0.80703125 0.06015625 0.0609375
0 0.85078125 0.709375 0.0421875 0.03984375
0 0.77890625 0.26796875 0.04921875 0.05546875
0 0.6375 0.1234375 0.0265625 0.059375
0 0.371875 0.29765625 0.0171875 0.0359375
0 0.38046875 0.2140625 0.034375 0.0265625
0 0.49609375 0.35390625 0.028125 0.0359375
0 0.72109375 0.3484375 0.02421875 0.0296875
0 0.62890625 0.6953125 0.01796875 0.028125
0 0.7359375 0.4703125 0.034375 0.0671875
0 0.03125 0.83125 0.0265625 0.0609375
0 0.25390625 0.4171875 0.0171875 0.01875
0 0.378125 0.92890625 0.0296875 0.03203125
0 0.4359375 0.89453125 0.02578125 0.02109375
0 0.4140625 0.5546875 0.01875 0.02109375
0 0.89140625 0.15703125 0.02109375 0.02265625
0 0.30859375 0.52578125 0.0171875 0.0203125