0 0.7625 0.97265625 0.025 0.021875
0 0.81328125 0.9625 0.028125 0.034375
0 0.52578125 0.94609375 0.0671875 0.065625
0 0.16953125 0.9453125 0.0265625 0.0359375
0 0.678125 0.8 0.05625 0.0515625
0 0.596875 0.7734375 0.0578125 0.0796875
0 0.18515625 0.771875 0.03125 0.0375
0 0.60859375 0.69140625 0.01875 0.0234375
0 0.4234375 0.66640625 0.0390625 0.0609375
0 0.72578125 0.634375 0.0203125 0.03125
0 0.81796875 0.61328125 0.028125 0.028125
0 0.4015625 0.59921875 0.021875 0.015625
0 0.99609375 0.52421875 0.0078125 0.0359375
0 0.21484375 0.5734375 0.0359375 0.0390625
0 0.87734375 0.51875 0.0234375 0.05
0 0.95390625 0.46484375 0.046875 0.0515625
0 0.665625 0.48046875 0.0953125 0.09375
0 0.29609375 0.47421875 0.05 0.1
0 0.16640625 0.48046875 0.0234375 0.04375
0 0.5546875 0.41484375 0.0171875 0.0234375
0 0.128125 0.4390625 0.0265625 0.0359375
0 0.421875 0.39765625 0.0140625 0.0171875
0 0.2109375 0.41171875 0.0109375 0.0109375
0 0.45390625 0.38203125 0.0265625 0.0359375
0 0.3609375 0.3484375 0.009375 0.0109375
0 0.82890625 0.28203125 0.0140625 0.0203125
0 0.60703125 0.296875 0.0203125 0.0171875
0 0.8671875 0.26796875 0.0203125 0.0453125
0 0.4265625 0.26171875 0.0140625 0.0171875
0 0.82421875 0.22578125 0.0203125 0.03125
0 0.165625 0.26640625 0.0140625 0.0125
0 0.43984375 0.23671875 0.01875 0.0203125
0 0.50390625 0.22109375 0.0171875 0.0203125
0 0.34296875 0.221875 0.04375 0.0828125
0 0.2359375 0.20234375 0.009375 0.0078125
0 0.9578125 0.1484375 0.0421875 0.075
0 0.06171875 0.209375 0.0140625 0.0140625
0 0.621875 0.096875 0.0125 0.01875
0 0.45703125 0.09375 0.0328125 0.025
0 0.55546875 0.06640625 0.0109375 0.0109375
0 0.48125 0.0203125 0.015625 0.0203125
0 0.19296875 0.0359375 0.040625 0.03125