0 0.10078125 0.6859375 0.0328125 0.028125
0 0.14921875 0.6640625 0.046875 0.046875
0 0.3390625 0.5546875 0.0671875 0.0578125
0 0.434375 0.3640625 0.0875 0.065625
0 0.8109375 0.7265625 0.0546875 0.065625
0 0.85 0.58828125 0.065625 0.071875
0 0.5734375 0.2140625 0.0296875 0.0328125
0 0.171875 0.2921875 0.0546875 0.0625
0 0.021875 0.48671875 0.0328125 0.04375
0 0.121875 0.54296875 0.0609375 0.05
0 0.60703125 0.62109375 0.0328125 0.0453125
0 0.51171875 0.96875 0.04375 0.05
0 0.590625 0.01640625 0.065625 0.0328125
0 0.24609375 0.421875 0.0390625 0.0578125
0 0.7546875 0.8515625 0.0625 0.0734375
0 0.27421875 0.221875 0.0453125 0.0453125
0 0.66953125 0.46953125 0.0421875 0.0515625
0 0.09140625 0.74375 0.0359375 0.046875
0 0.46953125 0.78125 0.0453125 0.0375
0 0.715625 0.2953125 0.053125 0.075
0 0.59453125 0.37109375 0.03125 0.0390625