0 0.80703125 0.659375 0.0734375 0.0671875
0 0.45703125 0.8078125 0.0703125 0.084375
0 0.396875 0.1421875 0.1046875 0.0796875
0 0.659375 0.04453125 0.0375 0.0578125
0 0.740625 0.515625 0.05625 0.034375
0 0.5375 0.62578125 0.0125 0.040625
0 0.4546875 0.56640625 0.0328125 0.034375
0 0.31953125 0.55390625 0.04375 0.059375
0 0.61953125 0.62421875 0.025 0.05625
0 0.609375 0.56328125 0.0234375 0.025
0 0.55234375 0.746875 0.028125 0.046875
0 0.4953125 0.67578125 0.0515625 0.0390625
0 0.3328125 0.08203125 0.0328125 0.0453125
0 0.6078125 0.83203125 0.0265625 0.0359375