0 0.809375 0.34609375 0.0734375 0.06875
0 0.4625 0.19140625 0.071875 0.0859375
0 0.390625 0.85546875 0.10625 0.08125
0 0.6515625 0.9578125 0.0390625 0.059375
0 0.74140625 0.4890625 0.0578125 0.034375
0 0.53984375 0.375 0.0140625 0.040625
0 0.45625 0.4328125 0.034375 0.034375
0 0.3203125 0.44296875 0.0453125 0.059375
0 0.621875 0.37734375 0.025 0.0578125
0 0.6109375 0.4390625 0.025 0.025
0 0.55625 0.25390625 0.0296875 0.046875
0 0.4984375 0.32421875 0.053125 0.040625
0 0.325 0.915625 0.0328125 0.046875
0 0.6140625 0.1703125 0.0265625 0.0375