0 0.06171875 0.46171875 0.03125 0.025
0 0.1140625 0.465625 0.04375 0.0421875
0 0.33046875 0.503125 0.0625 0.053125
0 0.484375 0.65078125 0.084375 0.0578125
0 0.71484375 0.18046875 0.05 0.0625
0 0.7984375 0.296875 0.0609375 0.0671875
0 0.6671875 0.74296875 0.0265625 0.03125
0 0.26328125 0.8078125 0.05 0.059375
0 0.0546875 0.67578125 0.0296875 0.0421875
0 0.1296875 0.5890625 0.0578125 0.0453125
0 0.559375 0.34921875 0.0296875 0.04375
0 0.35078125 0.05546875 0.0390625 0.046875
0 0.75625 0.93984375 0.0609375 0.0625
0 0.28828125 0.6609375 0.034375 0.05625
0 0.61875 0.08203125 0.05625 0.06875
0 0.38359375 0.83828125 0.0421875 0.0421875
0 0.66953125 0.4703125 0.0375 0.05
0 0.0328125 0.4109375 0.03125 0.04375
0 0.375 0.24609375 0.0421875 0.034375
0 0.77265625 0.61875 0.046875 0.071875
0 0.6328125 0.5890625 0.0296875 0.0359375