0 0.19609375 0.66484375 0.071875 0.06640625
0 0.5484375 0.80703125 0.06953125 0.0828125
0 0.596875 0.140625 0.10390625 0.078125
0 0.3328125 0.04765625 0.03671875 0.0578125
0 0.259375 0.51953125 0.05625 0.0328125
0 0.46484375 0.6265625 0.0125 0.03984375
0 0.54609375 0.565625 0.0328125 0.03359375
0 0.68125 0.55078125 0.04296875 0.05859375
0 0.3828125 0.6265625 0.0234375 0.05625
0 0.39140625 0.56484375 0.0234375 0.02421875
0 0.45234375 0.74765625 0.02734375 0.04609375
0 0.5078125 0.67578125 0.0515625 0.03828125
0 0.66015625 0.07890625 0.03203125 0.0453125
0 0.39765625 0.83359375 0.02578125 0.0359375