0 0.32890625 0.6921875 0.025 0.03828125
0 0.39609375 0.61875 0.0484375 0.04921875
0 0.471875 0.86875 0.0234375 0.04296875
0 0.7609375 0.88125 0.06015625 0.09375
0 0.18984375 0.75234375 0.028125 0.046875
0 0.21484375 0.5671875 0.04140625 0.0234375
0 0.43046875 0.05625 0.05859375 0.04921875
0 0.39921875 0.175 0.04765625 0.0515625
0 0.475 0.59921875 0.0171875 0.021875
0 0.534375 0.53671875 0.0375 0.0375
0 0.32421875 0.53984375 0.02421875 0.028125
0 0.409375 0.50390625 0.028125 0.0265625
0 0.3515625 0.46328125 0.0234375 0.01953125
0 0.7875 0.05 0.0390625 0.028125
0 0.90625 0.17578125 0.028125 0.028125
0 0.04453125 0.5390625 0.025 0.0296875
0 0.0234375 0.365625 0.0296875 0.03515625
0 0.06640625 0.7078125 0.021875 0.03671875
0 0.8609375 0.10390625 0.03125 0.025
0 0.5296875 0.44453125 0.0328125 0.0234375