0 0.41171875 0.609375 0.03125 0.0234375
0 0.503125 0.66328125 0.078125 0.071875
0 0.5984375 0.87421875 0.05625 0.0546875
0 0.1015625 0.3515625 0.0609375 0.0671875
0 0.44921875 0.3453125 0.0625 0.0796875
0 0.43125 0.11484375 0.0640625 0.0625
0 0.23046875 0.5484375 0.0234375 0.025
0 0.3 0.4578125 0.0484375 0.0328125
0 0.60703125 0.5265625 0.034375 0.025
0 0.625 0.61640625 0.0359375 0.0515625
0 0.10234375 0.490625 0.028125 0.0265625
0 0.1296875 0.16015625 0.05625 0.053125
0 0.38359375 0.434375 0.028125 0.028125
0 0.359375 0.1671875 0.05625 0.04375
0 0.31328125 0.7453125 0.040625 0.0421875