0 0.684375 0.6796875 0.028125 0.040625
0 0.61171875 0.6109375 0.0515625 0.053125
0 0.55390625 0.865625 0.0265625 0.04375
0 0.26640625 0.8984375 0.0671875 0.0984375
0 0.82734375 0.73046875 0.03125 0.0484375
0 0.7890625 0.546875 0.0421875 0.0265625
0 0.53828125 0.05234375 0.0625 0.053125
0 0.578125 0.16875 0.0515625 0.0546875
0 0.53203125 0.596875 0.01875 0.0234375
0 0.46796875 0.5390625 0.040625 0.040625
0 0.678125 0.52734375 0.0265625 0.0296875
0 0.590625 0.49765625 0.0296875 0.028125
0 0.6453125 0.453125 0.025 0.021875
0 0.18203125 0.07109375 0.040625 0.03125
0 0.071875 0.2046875 0.0296875 0.0296875
0 0.95703125 0.50703125 0.0265625 0.03125
0 0.96640625 0.3328125 0.0328125 0.0375
0 0.946875 0.67734375 0.025 0.0375
0 0.1125 0.1296875 0.0328125 0.0265625
0 0.46640625 0.446875 0.034375 0.025