0 0.690625 0.3265625 0.028125 0.040625
0 0.615625 0.39296875 0.053125 0.0546875
0 0.56640625 0.1359375 0.028125 0.0453125
0 0.28046875 0.09375 0.0703125 0.1
0 0.83515625 0.28125 0.0328125 0.05
0 0.790625 0.46328125 0.04375 0.028125
0 0.52265625 0.9484375 0.0640625 0.0546875
0 0.56640625 0.83359375 0.053125 0.05625
0 0.53515625 0.40390625 0.01875 0.0234375
0 0.46953125 0.46015625 0.040625 0.040625
0 0.67890625 0.47890625 0.0265625 0.03125
0 0.590625 0.50546875 0.03125 0.0296875
0 0.64375 0.55234375 0.025 0.021875
0 0.1671875 0.9171875 0.0421875 0.0328125
0 0.06171875 0.7796875 0.03125 0.03125
0 0.95703125 0.50859375 0.028125 0.0328125
0 0.96015625 0.68359375 0.0328125 0.0375
0 0.953125 0.33828125 0.025 0.0390625
0 0.1 0.85625 0.034375 0.028125
0 0.46484375 0.55234375 0.034375 0.0265625