0 0.06953125 0.40859375 0.028125 0.021875
0 0.12109375 0.41875 0.03984375 0.03828125
0 0.33125 0.4828125 0.0578125 0.04609375
0 0.46640625 0.64765625 0.07890625 0.0484375
0 0.75234375 0.209375 0.04296875 0.05703125
0 0.82109375 0.33515625 0.05390625 0.0609375
0 0.6359375 0.76171875 0.0234375 0.028125
0 0.22734375 0.7765625 0.04375 0.0546875
0 0.03671875 0.6203125 0.025 0.03984375
0 0.121875 0.54296875 0.05390625 0.03828125
0 0.57734375 0.3578125 0.02421875 0.040625
0 0.40625 0.040625 0.034375 0.04296875
0 0.70078125 0.96796875 0.0546875 0.05625
0 0.2703125 0.63359375 0.02734375 0.053125
0 0.66875 0.1 0.04921875 0.06328125
0 0.34296875 0.821875 0.0375 0.0375
0 0.671875 0.49140625 0.0328125 0.04609375
0 0.046875 0.3546875 0.0265625 0.04140625
0 0.40703125 0.2328125 0.0390625 0.0296875
0 0.75625 0.65078125 0.0390625 0.06796875
0 0.62109375 0.6046875 0.025 0.03359375