0 0.421875 0.38359375 0.0296875 0.021875
0 0.5171875 0.33828125 0.075 0.065625
0 0.63046875 0.1359375 0.0515625 0.0515625
0 0.08984375 0.61328125 0.05625 0.0625
0 0.4359375 0.65 0.0578125 0.0765625
0 0.3984375 0.87734375 0.0609375 0.059375
0 0.2359375 0.428125 0.021875 0.0234375
0 0.296875 0.52421875 0.046875 0.0296875
0 0.60859375 0.4828125 0.0328125 0.0234375
0 0.63515625 0.39453125 0.03125 0.05
0 0.103125 0.475 0.0265625 0.025
0 0.1015625 0.80625 0.053125 0.05
0 0.37890625 0.55546875 0.0265625 0.0265625
0 0.33125 0.81953125 0.0546875 0.0390625
0 0.33515625 0.2390625 0.0390625 0.0390625