0 0.5921875 0.27265625 0.05 0.0640625
0 0.52890625 0.628125 0.0546875 0.046875
0 0.83046875 0.5625 0.06875 0.05625
0 0.803125 0.68515625 0.040625 0.0515625
0 0.60859375 0.8859375 0.0515625 0.05625
0 0.94140625 0.1046875 0.0390625 0.034375
0 0.84765625 0.0390625 0.0359375 0.0375
0 0.70859375 0.19375 0.034375 0.04375
0 0.64296875 0.225 0.0125 0.0234375
0 0.6078125 0.215625 0.025 0.025
0 0.48125 0.15703125 0.0296875 0.0234375
0 0.246875 0.67109375 0.0390625 0.040625
0 0.67734375 0.71875 0.0265625 0.0328125
0 0.56484375 0.7375 0.021875 0.0328125
0 0.43359375 0.47265625 0.021875 0.025
0 0.3765625 0.6015625 0.0328125 0.01875
0 0.71484375 0.60390625 0.0171875 0.015625
0 0.6859375 0.52421875 0.0125 0.015625
0 0.57734375 0.5546875 0.0125 0.0328125
0 0.81484375 0.44921875 0.0140625 0.0265625
0 0.96328125 0.80390625 0.040625 0.0375
0 0.9203125 0.77265625 0.021875 0.0328125
0 0.3859375 0.1890625 0.0171875 0.03125
0 0.83359375 0.3140625 0.01875 0.021875
0 0.54921875 0.890625 0.0265625 0.0234375
0 0.4328125 0.296875 0.0140625 0.025
0 0.09609375 0.16875 0.015625 0.0203125
0 0.5484375 0.0515625 0.0109375 0.0265625
0 0.6765625 0.36875 0.01875 0.0234375