0 0.40390625 0.27421875 0.0484375 0.06328125
0 0.4734375 0.62890625 0.05390625 0.0453125
0 0.1703125 0.56796875 0.0671875 0.0546875
0 0.2 0.690625 0.03984375 0.0515625
0 0.3984375 0.8875 0.05 0.0546875
0 0.0515625 0.1125 0.0390625 0.034375
0 0.14453125 0.0453125 0.0359375 0.03671875
0 0.2859375 0.19765625 0.034375 0.04296875
0 0.35234375 0.22734375 0.0125 0.0234375
0 0.3875 0.2171875 0.02421875 0.02421875
0 0.5125 0.15703125 0.0296875 0.02265625
0 0.75625 0.66640625 0.0390625 0.040625
0 0.3265625 0.721875 0.02578125 0.03203125
0 0.4390625 0.73828125 0.021875 0.03203125
0 0.565625 0.471875 0.021875 0.025
0 0.625 0.59921875 0.0328125 0.01875
0 0.28671875 0.6078125 0.0171875 0.01484375
0 0.31484375 0.52734375 0.0125 0.015625
0 0.4234375 0.55625 0.0125 0.03203125
0 0.184375 0.4546875 0.01328125 0.0265625
0 0.0421875 0.81171875 0.03984375 0.0375
0 0.084375 0.7796875 0.021875 0.03203125
0 0.60859375 0.1875 0.0171875 0.03046875
0 0.16328125 0.31953125 0.01796875 0.021875
0 0.4578125 0.89140625 0.0265625 0.0234375
0 0.56328125 0.29609375 0.01328125 0.025
0 0.8984375 0.16171875 0.015625 0.0203125
0 0.44375 0.05234375 0.01015625 0.02578125
0 0.32109375 0.371875 0.01796875 0.02265625