0 0.58046875 0.73203125 0.053125 0.0671875
0 0.53515625 0.3734375 0.05625 0.0484375
0 0.83359375 0.45546875 0.0703125 0.059375
0 0.8125 0.33046875 0.04375 0.0546875
0 0.628125 0.1203125 0.053125 0.0578125
0 0.9203125 0.91796875 0.040625 0.0375
0 0.82265625 0.978125 0.0390625 0.0390625
0 0.6921875 0.81640625 0.0375 0.0453125
0 0.628125 0.78203125 0.0140625 0.025
0 0.5921875 0.78984375 0.0265625 0.0265625
0 0.46328125 0.84140625 0.03125 0.025
0 0.25625 0.31640625 0.0421875 0.04375
0 0.68828125 0.290625 0.028125 0.034375
0 0.57734375 0.26640625 0.0234375 0.0328125
0 0.4328125 0.5234375 0.0234375 0.0265625
0 0.38203125 0.3921875 0.034375 0.0203125
0 0.7203125 0.40703125 0.01875 0.015625
0 0.68671875 0.4859375 0.0140625 0.0171875
0 0.58046875 0.44921875 0.0140625 0.0328125
0 0.81171875 0.5671875 0.015625 0.028125
0 0.978125 0.22109375 0.0421875 0.040625
0 0.934375 0.25 0.0234375 0.0328125
0 0.36953125 0.80390625 0.01875 0.03125
0 0.8234375 0.70390625 0.01875 0.0234375
0 0.56953125 0.1125 0.028125 0.025
0 0.42265625 0.69921875 0.015625 0.0265625
0 0.07890625 0.809375 0.0171875 0.021875
0 0.525 0.95078125 0.0125 0.0265625
0 0.66953125 0.640625 0.01875 0.0234375