0 0.434375 0.37578125 0.028125 0.01875
0 0.534375 0.340625 0.06875 0.059375
0 0.66796875 0.1515625 0.04765625 0.04609375
0 0.08046875 0.56953125 0.05078125 0.0578125
0 0.4203125 0.6421875 0.05 0.07109375
0 0.359375 0.86484375 0.05546875 0.053125
0 0.24453125 0.40078125 0.01953125 0.021875
0 0.2953125 0.503125 0.04453125 0.025
0 0.61015625 0.49453125 0.03125 0.01953125
0 0.6453125 0.409375 0.0265625 0.04765625
0 0.1078125 0.43359375 0.025 0.021875
0 0.071875 0.76328125 0.0484375 0.04453125
0 0.3734375 0.5421875 0.02421875 0.0234375
0 0.2984375 0.8 0.05078125 0.034375
0 0.36328125 0.2234375 0.03515625 0.0359375