0 0.3125 0.9484375 0.0828125 0.0609375
0 0.078125 0.80546875 0.096875 0.1140625
0 0.6984375 0.915625 0.1125 0.1125
0 0.28203125 0.81953125 0.140625 0.1453125
0 0.0328125 0.70234375 0.065625 0.1078125
0 0.22578125 0.665625 0.0578125 0.0578125
0 0.58984375 0.684375 0.0546875 0.075
0 0.7796875 0.721875 0.06875 0.078125
0 0.1640625 0.5578125 0.0546875 0.0578125
0 0.82421875 0.6234375 0.046875 0.0703125
0 0.74453125 0.37421875 0.04375 0.071875
0 0.09921875 0.18515625 0.075 0.096875
0 0.71015625 0.096875 0.084375 0.0953125