0 0.4015625 0.02421875 0.07421875 0.0484375
0 0.14453125 0.11953125 0.0796875 0.10078125
0 0.77421875 0.1296875 0.09609375 0.0953125
0 0.346875 0.14453125 0.11875 0.125
0 0.059375 0.2078125 0.09375 0.09140625
0 0.2625 0.28515625 0.05 0.0484375
0 0.6234375 0.3359375 0.04296875 0.06875
0 0.8171875 0.3359375 0.05703125 0.06875
0 0.18125 0.37890625 0.04609375 0.05
0 0.8421875 0.440625 0.03515625 0.06484375
0 0.715625 0.6703125 0.03203125 0.0671875
0 0.04609375 0.7328125 0.06015625 0.0875
0 0.6296875 0.9359375 0.06953125 0.08359375