0 0.58203125 0.0234375 0.0765625 0.046875
0 0.8421875 0.10703125 0.0828125 0.103125
0 0.21328125 0.13984375 0.1 0.0984375
0 0.640625 0.1390625 0.1234375 0.1296875
0 0.93046875 0.19296875 0.096875 0.0953125
0 0.7296875 0.27734375 0.0515625 0.05
0 0.37109375 0.340625 0.0453125 0.0703125
0 0.17734375 0.346875 0.059375 0.0703125
0 0.8140625 0.36796875 0.0484375 0.0515625
0 0.15625 0.45234375 0.0375 0.065625
0 0.290625 0.67734375 0.034375 0.06875
0 0.96171875 0.7171875 0.0625 0.0890625
0 0.3859375 0.93984375 0.071875 0.0859375