0 0.66328125 0.94765625 0.0609375 0.053125
0 0.309375 0.821875 0.05625 0.078125
0 0.34921875 0.68515625 0.0375 0.040625
0 0.28828125 0.55859375 0.0296875 0.04375
0 0.61640625 0.609375 0.096875 0.121875
0 0.153125 0.49609375 0.0421875 0.04375
0 0.95546875 0.6625 0.0359375 0.0421875
0 0.89140625 0.6203125 0.084375 0.159375
0 0.36484375 0.48125 0.0765625 0.08125
0 0.46953125 0.49375 0.0375 0.0515625
0 0.95625 0.56640625 0.0875 0.0984375
0 0.19921875 0.3953125 0.0453125 0.0453125
0 0.53828125 0.2453125 0.0390625 0.065625
0 0.64140625 0.221875 0.0671875 0.0640625
0 0.29296875 0.06796875 0.0421875 0.05625
0 0.3609375 0.0796875 0.0421875 0.0484375
0 0.7015625 0.0703125 0.0671875 0.08125
0 0.8484375 0.1046875 0.1140625 0.096875