0 0.64765625 0.953125 0.0625 0.0546875
0 0.2984375 0.815625 0.059375 0.0796875
0 0.34296875 0.6796875 0.0375 0.0421875
0 0.28671875 0.5515625 0.0296875 0.04375
0 0.6125 0.61328125 0.1 0.1234375
0 0.15390625 0.48359375 0.04375 0.0453125
0 0.94921875 0.678125 0.0359375 0.04375
0 0.88671875 0.63359375 0.0890625 0.1609375
0 0.365625 0.4765625 0.078125 0.0828125
0 0.46953125 0.4921875 0.0390625 0.0515625
0 0.95390625 0.58359375 0.0890625 0.1
0 0.203125 0.38515625 0.046875 0.0453125
0 0.546875 0.246875 0.040625 0.065625
0 0.65078125 0.2265625 0.06875 0.065625
0 0.30859375 0.0609375 0.04375 0.05625
0 0.37578125 0.075 0.04375 0.05
0 0.71640625 0.07734375 0.06875 0.08125
0 0.86171875 0.1171875 0.115625 0.1