0 0.753125 0.09609375 0.053125 0.04296875
0 0.38046875 0.1453125 0.04296875 0.07109375
0 0.39140625 0.2875 0.03046875 0.03515625
0 0.30546875 0.3984375 0.02109375 0.040625
0 0.63671875 0.4171875 0.0765625 0.1078125
0 0.16015625 0.43203125 0.03515625 0.0375
0 0.97890625 0.4359375 0.028125 0.0375
0 0.9078125 0.4640625 0.053125 0.15234375
0 0.3640625 0.490625 0.0640625 0.06875
0 0.46875 0.5 0.028125 0.046875
0 0.9609375 0.52890625 0.07109375 0.0859375
0 0.184375 0.53984375 0.0390625 0.0375
0 0.484375 0.75703125 0.0265625 0.06171875
0 0.58046875 0.8015625 0.05703125 0.05390625
0 0.2078125 0.8796875 0.03203125 0.05
0 0.2765625 0.88203125 0.03359375 0.04296875
0 0.6078125 0.9625 0.053125 0.07109375
0 0.75859375 0.959375 0.09921875 0.078125