0 0.6 0.05 0.04609375 0.096875
0 0.4484375 0.3125 0.025 0.02421875
0 0.93515625 0.33203125 0.04765625 0.0390625
0 0.62265625 0.378125 0.0375 0.0484375
0 0.0171875 0.3796875 0.03359375 0.059375
0 0.13828125 0.38046875 0.03203125 0.03515625
0 0.934375 0.40703125 0.08515625 0.06875
0 0.6859375 0.421875 0.05 0.0578125
0 0.975 0.503125 0.04296875 0.05234375
0 0.2875 0.56796875 0.05 0.04453125
0 0.975 0.6375 0.04609375 0.05
0 0.31640625 0.8046875 0.04609375 0.040625
0 0.1515625 0.83515625 0.0375 0.046875
0 0.4546875 0.86015625 0.08515625 0.0484375
0 0.1421875 0.92890625 0.053125 0.07421875
0 0.0171875 0.98125 0.03359375 0.03359375