0 0.4 0.05 0.046875 0.096875
0 0.5515625 0.3125 0.025 0.025
0 0.06484375 0.33203125 0.046875 0.0390625
0 0.37734375 0.378125 0.0375 0.0484375
0 0.9828125 0.3796875 0.034375 0.059375
0 0.86171875 0.38046875 0.03125 0.034375
0 0.065625 0.40703125 0.084375 0.06875
0 0.3140625 0.421875 0.05 0.0578125
0 0.025 0.503125 0.04375 0.053125
0 0.7125 0.56796875 0.05 0.04375
0 0.025 0.6375 0.046875 0.05
0 0.68359375 0.8046875 0.046875 0.040625
0 0.8484375 0.83515625 0.0375 0.046875
0 0.5453125 0.86015625 0.084375 0.0484375
0 0.8578125 0.92890625 0.053125 0.075
0 0.9828125 0.98125 0.034375 0.034375