0 0.65390625 0.065625 0.0578125 0.1015625
0 0.471875 0.3078125 0.028125 0.0265625
0 0.95234375 0.3859375 0.0515625 0.0453125
0 0.63671875 0.39375 0.04375 0.053125
0 0.03515625 0.321875 0.040625 0.0625
0 0.15546875 0.3375 0.0359375 0.0390625
0 0.9421875 0.4609375 0.0921875 0.078125
0 0.69375 0.4453125 0.05625 0.0640625
0 0.97109375 0.5609375 0.0484375 0.0578125
0 0.28046875 0.54140625 0.0546875 0.05
0 0.9546875 0.69453125 0.0515625 0.0546875
0 0.28046875 0.7796875 0.05 0.0453125
0 0.11328125 0.78984375 0.0421875 0.0515625
0 0.4109375 0.8515625 0.090625 0.0578125
0 0.09296875 0.88203125 0.0625 0.0796875