0 0.51796875 0.015625 0.0453125 0.03125
0 0.52734375 0.09140625 0.05703125 0.0859375
0 0.8875 0.53828125 0.04453125 0.078125
0 0.85 0.74609375 0.04453125 0.05
0 0.6734375 0.98359375 0.09609375 0.0296875
0 0.09609375 0.9890625 0.13515625 0.01875
0 0.22109375 0.74921875 0.0796875 0.09140625
0 0.42890625 0.75234375 0.06953125 0.0484375
0 0.33515625 0.3921875 0.06953125 0.0390625
0 0.31640625 0.43046875 0.06015625 0.05234375
0 0.20546875 0.628125 0.05859375 0.046875
0 0.39140625 0.58671875 0.065625 0.06328125
0 0.5375 0.69765625 0.05859375 0.05390625
0 0.32890625 0.01171875 0.0515625 0.0234375