0 0.5 0.015625 0.046875 0.03125
0 0.51328125 0.090625 0.059375 0.0875
0 0.88828125 0.525 0.046875 0.0796875
0 0.85859375 0.73359375 0.046875 0.0515625
0 0.68984375 0.97734375 0.096875 0.0328125
0 0.11328125 0.9953125 0.1359375 0.009375
0 0.2296875 0.75859375 0.0828125 0.09375
0 0.4375 0.7546875 0.071875 0.0515625
0 0.33125 0.39765625 0.0703125 0.0421875
0 0.3140625 0.43671875 0.0625 0.0546875
0 0.21015625 0.63828125 0.0609375 0.0484375
0 0.39453125 0.590625 0.0671875 0.065625
0 0.54453125 0.69609375 0.0609375 0.05625
0 0.31171875 0.01796875 0.053125 0.025