0 0.35703125 0.03671875 0.0515625 0.0421875
0 0.36796875 0.1125 0.0765625 0.0984375
0 0.1359375 0.6375 0.0625 0.0875
0 0.22578125 0.828125 0.05625 0.059375
0 0.4578125 0.9921875 0.1 0.015625
0 0.97421875 0.8671875 0.0515625 0.053125
0 0.83359375 0.66875 0.1 0.109375
0 0.63359375 0.725 0.0796875 0.0640625
0 0.63125 0.353125 0.0765625 0.05625
0 0.659375 0.38515625 0.071875 0.065625
0 0.81796875 0.54765625 0.06875 0.0609375
0 0.62734375 0.55546875 0.0796875 0.078125
0 0.51484375 0.70078125 0.0703125 0.0671875