0 0.39375 0.01875 0.0515625 0.0328125
0 0.6421875 0.06328125 0.040625 0.0640625
0 0.21796875 0.13359375 0.034375 0.0890625
0 0.44765625 0.1859375 0.05625 0.084375
0 0.79453125 0.18046875 0.1046875 0.109375
0 0.18359375 0.23515625 0.1203125 0.065625
0 0.2078125 0.37890625 0.046875 0.0640625
0 0.34453125 0.42890625 0.0515625 0.1125
0 0.1078125 0.5140625 0.0484375 0.0921875
0 0.17734375 0.5984375 0.0265625 0.040625
0 0.05546875 0.7546875 0.08125 0.0625
0 0.109375 0.84375 0.0484375 0.0515625
0 0.915625 0.85625 0.028125 0.065625