0 0.70390625 0.9484375 0.05625 0.0421875
0 0.45234375 0.95625 0.053125 0.0703125
0 0.8515625 0.79921875 0.0515625 0.0921875
0 0.61640625 0.79609375 0.071875 0.0921875
0 0.278125 0.87421875 0.125 0.128125
0 0.86484375 0.69296875 0.1296875 0.0890625
0 0.8109375 0.5578125 0.0578125 0.071875
0 0.6671875 0.5375 0.0734375 0.11875
0 0.88046875 0.40546875 0.065625 0.1
0 0.7953125 0.3359375 0.034375 0.04375
0 0.88203125 0.15859375 0.0921875 0.0765625
0 0.8109375 0.0828125 0.05625 0.059375
0 0.0203125 0.2375 0.040625 0.06875