0 0.4109375 0.015625 0.05 0.03125
0 0.65703125 0.06875 0.0390625 0.06328125
0 0.23125 0.12421875 0.03203125 0.0875
0 0.45859375 0.184375 0.053125 0.08203125
0 0.80546875 0.190625 0.1015625 0.10625
0 0.19296875 0.22421875 0.11875 0.06171875
0 0.2125 0.36875 0.04453125 0.06328125
0 0.346875 0.4234375 0.04765625 0.11015625
0 0.1078125 0.5 0.04453125 0.09140625
0 0.17421875 0.5875 0.025 0.0390625
0 0.046875 0.7390625 0.0796875 0.059375
0 0.09765625 0.8296875 0.04609375 0.05
0 0.903125 0.8703125 0.0265625 0.06484375