0 0.26015625 0.87109375 0.0953125 0.06875
0 0.17265625 0.80703125 0.0375 0.05
0 0.6453125 0.41875 0.109375 0.09375
0 0.73984375 0.62109375 0.0921875 0.0640625
0 0.7 0.53984375 0.05 0.0359375
0 0.16484375 0.24453125 0.053125 0.053125
0 0.17421875 0.01328125 0.0265625 0.0265625
0 0.6765625 0.171875 0.065625 0.0453125
0 0.71796875 0.25234375 0.0796875 0.078125
0 0.9171875 0.24140625 0.0734375 0.0484375
0 0.96640625 0.44765625 0.05 0.04375
0 0.9046875 0.42265625 0.04375 0.025
0 0.85703125 0.4828125 0.0375 0.0328125
0 0.9609375 0.93125 0.0234375 0.0515625
0 0.775 0.7875 0.0703125 0.065625
0 0.6015625 0.8078125 0.028125 0.034375