0 0.71328125 0.11328125 0.090625 0.06328125
0 0.80546875 0.17109375 0.03359375 0.0484375
0 0.3609375 0.59140625 0.103125 0.0875
0 0.25234375 0.39609375 0.0890625 0.0578125
0 0.29765625 0.47421875 0.04765625 0.03203125
0 0.85234375 0.73125 0.05 0.05
0 0.85859375 0.9703125 0.0234375 0.040625
0 0.346875 0.83984375 0.0625 0.040625
0 0.3 0.7625 0.07421875 0.07265625
0 0.1015625 0.78671875 0.07109375 0.04296875
0 0.03828125 0.584375 0.04765625 0.040625
0 0.1015625 0.60546875 0.04296875 0.02265625
0 0.1453125 0.5421875 0.03515625 0.0296875
0 0.01015625 0.1015625 0.01953125 0.05
0 0.20546875 0.23203125 0.065625 0.06171875
0 0.37734375 0.2 0.0265625 0.03203125