0 0.7828125 0.8390625 0.1015625 0.0796875
0 0.8625 0.76484375 0.0421875 0.0546875
0 0.34609375 0.43671875 0.1171875 0.10625
0 0.2765625 0.64921875 0.0984375 0.0734375
0 0.30625 0.5640625 0.053125 0.040625
0 0.8015625 0.20546875 0.059375 0.059375
0 0.28515625 0.1953125 0.06875 0.0515625
0 0.25390625 0.28046875 0.0859375 0.0859375
0 0.05390625 0.29453125 0.078125 0.05625
0 0.03046875 0.50546875 0.0546875 0.0484375
0 0.0890625 0.47265625 0.046875 0.0296875
0 0.14375 0.5265625 0.040625 0.0359375
0 0.0953125 0.97890625 0.028125 0.0421875
0 0.26171875 0.81953125 0.0765625 0.0734375
0 0.43671875 0.81796875 0.0328125 0.0359375