0 0.73046875 0.784375 0.04375 0.0578125
0 0.38515625 0.96953125 0.059375 0.0390625
0 0.6125 0.51796875 0.0609375 0.1140625
0 0.46015625 0.38203125 0.0765625 0.1078125
0 0.346875 0.56015625 0.0484375 0.065625
0 0.115625 0.625 0.0375 0.0484375
0 0.1984375 0.1859375 0.0453125 0.065625
0 0.25859375 0.103125 0.0375 0.05
0 0.56796875 0.24375 0.028125 0.0453125
0 0.57578125 0.15625 0.034375 0.03125
0 0.9890625 0.38515625 0.021875 0.0390625
0 0.89296875 0.4046875 0.046875 0.0484375
0 0.6953125 0.59296875 0.03125 0.05625
0 0.6359375 0.6671875 0.0515625 0.0484375
0 0.50078125 0.6390625 0.0421875 0.034375
0 0.6078125 0.825 0.03125 0.0265625
0 0.7953125 0.121875 0.090625 0.053125
0 0.79921875 0.1859375 0.084375 0.0578125
0 0.79609375 0.27265625 0.04375 0.0640625
0 0.403125 0.478125 0.034375 0.03125
0 0.8171875 0.340625 0.03125 0.046875
0 0.89453125 0.49765625 0.0296875 0.0359375