0 0.2453125 0.23671875 0.03984375 0.0546875
0 0.5734375 0.021875 0.05625 0.034375
0 0.38671875 0.4921875 0.05078125 0.11015625
0 0.55 0.6140625 0.06875 0.1015625
0 0.64765625 0.4265625 0.04375 0.0625
0 0.871875 0.3421875 0.034375 0.04609375
0 0.828125 0.78671875 0.040625 0.06171875
0 0.775 0.87421875 0.0328125 0.04765625
0 0.4546875 0.7609375 0.025 0.04296875
0 0.4546875 0.84921875 0.03203125 0.02890625
0 0.0171875 0.6578125 0.0296875 0.03671875
0 0.1171875 0.62890625 0.04375 0.0453125
0 0.29765625 0.42421875 0.0265625 0.05390625
0 0.35 0.3453125 0.0484375 0.04375
0 0.4875 0.36171875 0.0390625 0.03046875
0 0.3640625 0.1859375 0.0296875 0.0234375
0 0.2390625 0.90234375 0.08671875 0.0453125
0 0.2296875 0.8390625 0.08046875 0.0515625
0 0.225 0.75234375 0.0390625 0.06015625
0 0.5984375 0.51328125 0.03203125 0.028125
0 0.19765625 0.68671875 0.028125 0.0453125
0 0.10703125 0.53671875 0.02734375 0.034375