0 0.69453125 0.18984375 0.05 0.0625
0 0.32890625 0.04765625 0.0625 0.0453125
0 0.609375 0.46875 0.071875 0.11875
0 0.475 0.621875 0.0890625 0.1140625
0 0.340625 0.45859375 0.05625 0.0703125
0 0.103125 0.42265625 0.04375 0.0515625
0 0.23828125 0.8484375 0.053125 0.06875
0 0.30859375 0.9234375 0.0421875 0.053125
0 0.5984375 0.74609375 0.0328125 0.046875
0 0.6171875 0.83203125 0.0375 0.034375
0 0.99296875 0.55390625 0.0140625 0.0421875
0 0.9015625 0.546875 0.0515625 0.053125
0 0.68203125 0.38359375 0.0375 0.0578125
0 0.61484375 0.3171875 0.05625 0.053125
0 0.48359375 0.3625 0.0453125 0.0375
0 0.56796875 0.16484375 0.034375 0.0296875
0 0.8390625 0.8390625 0.09375 0.0625
0 0.83515625 0.77578125 0.0890625 0.0671875
0 0.82109375 0.68984375 0.05 0.0671875
0 0.40625 0.53359375 0.0375 0.034375
0 0.834375 0.61953125 0.0375 0.05
0 0.8921875 0.45390625 0.034375 0.0390625