0 0.09921875 0.0578125 0.0515625 0.06484375
0 0.8375 0.84921875 0.05546875 0.08125
0 0.265625 0.70625 0.040625 0.03359375
0 0.4078125 0.8375 0.03359375 0.059375
0 0.3953125 0.76796875 0.03984375 0.0359375
0 0.290625 0.878125 0.0671875 0.05390625
0 0.3703125 0.22734375 0.11953125 0.1234375
0 0.26015625 0.31328125 0.10859375 0.0578125
0 0.09453125 0.26484375 0.0296875 0.08515625
0 0.15546875 0.409375 0.07734375 0.07734375
0 0.17265625 0.51796875 0.053125 0.0625
0 0.6640625 0.25546875 0.08359375 0.046875
0 0.5109375 0.0171875 0.0390625 0.02421875
0 0.11953125 0.84453125 0.05234375 0.0875
0 0.06015625 0.765625 0.0375 0.04921875
0 0.28359375 0.4671875 0.0296875 0.01875
0 0.5375 0.25 0.0484375 0.0484375