0 0.20859375 0.0078125 0.0640625 0.015625
0 0.75 0.91640625 0.071875 0.0921875
0 0.225 0.6484375 0.046875 0.0421875
0 0.334375 0.8078125 0.0453125 0.065625
0 0.3375 0.7375 0.046875 0.04375
0 0.2109375 0.82109375 0.078125 0.0671875
0 0.43515625 0.20546875 0.14375 0.146875
0 0.30859375 0.2640625 0.11875 0.08125
0 0.1578125 0.1796875 0.0484375 0.0890625
0 0.184375 0.334375 0.0921875 0.0921875
0 0.17734375 0.44375 0.065625 0.0734375
0 0.71484375 0.2984375 0.0921875 0.0640625
0 0.61953125 0.03203125 0.04375 0.0328125
0 0.0515625 0.75 0.0703125 0.096875
0 0.0171875 0.659375 0.034375 0.05625
0 0.296875 0.41953125 0.0328125 0.025
0 0.59296875 0.26484375 0.0578125 0.0578125