0 0.84375 0.97578125 0.059375 0.0484375
0 0.2078125 0.1125 0.065625 0.0875
0 0.7578125 0.32421875 0.04375 0.0390625
0 0.6328125 0.1765625 0.040625 0.0625
0 0.63671875 0.246875 0.04375 0.040625
0 0.75390625 0.15 0.0734375 0.0609375
0 0.5953125 0.78671875 0.134375 0.1375
0 0.715625 0.71484375 0.1140625 0.0703125
0 0.8734375 0.7828125 0.040625 0.0875
0 0.83125 0.63203125 0.0859375 0.0859375
0 0.82734375 0.521875 0.0609375 0.06875
0 0.30703125 0.72265625 0.0890625 0.05625
0 0.43046875 0.978125 0.0421875 0.028125
0 0.91953125 0.2046875 0.0625 0.09375
0 0.96875 0.28984375 0.04375 0.053125
0 0.7109375 0.55859375 0.03125 0.021875
0 0.43203125 0.74375 0.0546875 0.0546875