0 0.52109375 0.11953125 0.06328125 0.06796875
0 0.88203125 0.3734375 0.03359375 0.05546875
0 0.95390625 0.34921875 0.02421875 0.04453125
0 0.9015625 0.8109375 0.0296875 0.08203125
0 0.734375 0.38671875 0.03515625 0.05625
0 0.6421875 0.48125 0.02421875 0.0265625
0 0.76015625 0.471875 0.0203125 0.04140625
0 0.7796875 0.6234375 0.0265625 0.02578125
0 0.26875 0.09765625 0.02421875 0.04140625
0 0.2640625 0.04296875 0.05390625 0.0515625
0 0.12109375 0.12890625 0.059375 0.075
0 0.45 0.6359375 0.02265625 0.034375
0 0.36015625 0.56796875 0.02890625 0.02578125
0 0.434375 0.54453125 0.015625 0.02109375
0 0.475 0.55234375 0.01328125 0.0234375
0 0.515625 0.47734375 0.0203125 0.05625
0 0.546875 0.62890625 0.02421875 0.0359375
0 0.221875 0.58125 0.028125 0.028125
0 0.71875 0.23984375 0.046875 0.04453125
0 0.27265625 0.9796875 0.0390625 0.040625
0 0.1640625 0.9234375 0.0265625 0.04609375
0 0.39453125 0.4 0.0296875 0.03671875
0 0.46484375 0.40625 0.03671875 0.0296875
0 0.478125 0.3296875 0.02890625 0.0375
0 0.28515625 0.6265625 0.0328125 0.03984375
0 0.72421875 0.93359375 0.0265625 0.0328125
0 0.7421875 0.87734375 0.05390625 0.03203125
0 0.40625 0.9296875 0.021875 0.03359375
0 0.23125 0.39921875 0.0203125 0.03125
0 0.0484375 0.71484375 0.0484375 0.0625
0 0.19296875 0.77734375 0.021875 0.03046875
0 0.29921875 0.7203125 0.03359375 0.025
0 0.28046875 0.553125 0.0234375 0.0125
0 0.57734375 0.98515625 0.0140625 0.0296875
0 0.82265625 0.9765625 0.021875 0.03203125
0 0.615625 0.64140625 0.02265625 0.02734375
0 0.9640625 0.5515625 0.0203125 0.02734375
0 0.3546875 0.2109375 0.0265625 0.0234375
0 0.20390625 0.28203125 0.01640625 0.02109375
0 0.26640625 0.4078125 0.0265625 0.03671875
0 0.33515625 0.3453125 0.034375 0.0234375
0 0.9125 0.03828125 0.01953125 0.025