0 0.51875 0.88046875 0.0703125 0.0734375
0 0.13359375 0.665625 0.0390625 0.059375
0 0.0640625 0.69765625 0.028125 0.046875
0 0.06796875 0.2328125 0.0375 0.084375
0 0.27890625 0.6375 0.040625 0.059375
0 0.3609375 0.53359375 0.0265625 0.0296875
0 0.24453125 0.55546875 0.025 0.04375
0 0.20859375 0.40625 0.0296875 0.028125
0 0.771875 0.87578125 0.028125 0.04375
0 0.78203125 0.9296875 0.059375 0.05625
0 0.915625 0.8296875 0.0671875 0.08125
0 0.53515625 0.359375 0.0265625 0.0359375
0 0.63203125 0.41796875 0.03125 0.028125
0 0.5609375 0.44921875 0.0171875 0.021875
0 0.51953125 0.4453125 0.015625 0.025
0 0.48671875 0.52421875 0.0265625 0.0578125
0 0.43984375 0.3765625 0.028125 0.0375
0 0.76796875 0.38984375 0.03125 0.03125
0 0.309375 0.78125 0.0515625 0.0484375
0 0.675 0.01015625 0.04375 0.0203125
0 0.78984375 0.04375 0.03125 0.0484375
0 0.615625 0.58828125 0.0328125 0.0390625
0 0.54453125 0.58984375 0.0390625 0.0328125
0 0.53984375 0.6671875 0.0328125 0.040625
0 0.70078125 0.3515625 0.0375 0.04375
0 0.23203125 0.0921875 0.0296875 0.0359375
0 0.21953125 0.15 0.05625 0.0375
0 0.5484375 0.0625 0.025 0.0359375
0 0.778125 0.571875 0.0234375 0.0328125
0 0.9265625 0.2390625 0.0546875 0.0671875
0 0.7765625 0.1921875 0.025 0.0328125
0 0.6765625 0.26015625 0.0359375 0.028125
0 0.7125 0.42421875 0.025 0.015625
0 0.37265625 0.02578125 0.0171875 0.03125
0 0.1296875 0.06015625 0.025 0.034375
0 0.3703125 0.37109375 0.025 0.0296875
0 0.0328125 0.496875 0.0234375 0.0296875
0 0.675 0.77265625 0.028125 0.0265625
0 0.8171875 0.6859375 0.01875 0.0234375
0 0.7421875 0.5671875 0.0296875 0.0390625
0 0.68046875 0.63671875 0.0359375 0.0265625
0 0.1375 0.99453125 0.021875 0.0109375