0 0.44140625 0.8765625 0.0765625 0.0796875
0 0.84765625 0.703125 0.04375 0.0609375
0 0.9125 0.7421875 0.0328125 0.0484375
0 0.9578125 0.2796875 0.046875 0.0859375
0 0.70546875 0.659375 0.0453125 0.0625
0 0.63515625 0.54765625 0.0296875 0.03125
0 0.7484375 0.58125 0.028125 0.0453125
0 0.79921875 0.4375 0.03125 0.03125
0 0.18984375 0.8453125 0.0328125 0.0453125
0 0.17421875 0.89765625 0.0640625 0.0609375
0 0.05234375 0.784375 0.0734375 0.0859375
0 0.4796875 0.35625 0.0296875 0.0390625
0 0.37734375 0.4046875 0.034375 0.03125
0 0.4453125 0.44296875 0.0203125 0.0234375
0 0.48671875 0.44375 0.0171875 0.025
0 0.5109375 0.52578125 0.03125 0.059375
0 0.57265625 0.38359375 0.03125 0.040625
0 0.24453125 0.3625 0.0328125 0.0328125
0 0.66015625 0.8 0.0546875 0.053125
0 0.25859375 0.0203125 0.0359375 0.040625
0 0.37578125 0.57578125 0.0359375 0.0421875
0 0.44609375 0.584375 0.0421875 0.0359375
0 0.44296875 0.66171875 0.0359375 0.0421875
0 0.31640625 0.33125 0.040625 0.0453125
0 0.809375 0.12265625 0.0328125 0.0375
0 0.815625 0.18125 0.059375 0.0421875
0 0.49765625 0.06015625 0.028125 0.0375
0 0.21640625 0.54296875 0.0265625 0.034375
0 0.103125 0.19609375 0.0609375 0.071875
0 0.25703125 0.16484375 0.028125 0.034375
0 0.34921875 0.24296875 0.0375 0.03125
0 0.29609375 0.40234375 0.025 0.0171875
0 0.6765625 0.04140625 0.0203125 0.03125
0 0.91484375 0.10078125 0.028125 0.0359375
0 0.6421875 0.3859375 0.028125 0.03125
0 0.96484375 0.54609375 0.025 0.03125
0 0.29765625 0.75234375 0.03125 0.028125
0 0.16484375 0.6515625 0.0203125 0.0234375
0 0.25234375 0.54140625 0.034375 0.0421875
0 0.30625 0.6171875 0.0390625 0.0296875