0 0.55703125 0.45390625 0.0828125 0.1
0 0.34921875 0.35390625 0.053125 0.05
0 0.39375 0.28828125 0.05625 0.046875
0 0.74375 0.03046875 0.078125 0.0609375
0 0.85625 0.21953125 0.0421875 0.0359375
0 0.35859375 0.5296875 0.046875 0.0546875
0 0.48203125 0.58046875 0.01875 0.028125
0 0.52109375 0.55546875 0.034375 0.0390625
0 0.5625 0.62734375 0.0484375 0.040625
0 0.61640625 0.6546875 0.034375 0.025
0 0.1671875 0.65078125 0.0234375 0.03125
0 0.184375 0.71796875 0.0375 0.028125
0 0.32265625 0.82890625 0.0328125 0.028125
0 0.33125 0.73203125 0.0453125 0.0671875
0 0.43125 0.70078125 0.0359375 0.040625
0 0.52265625 0.29453125 0.0453125 0.0453125
0 0.51171875 0.36171875 0.0390625 0.0265625
0 0.19140625 0.38828125 0.0375 0.0359375
0 0.07734375 0.7765625 0.065625 0.0609375
0 0.2375 0.92890625 0.0296875 0.0375