0 0.565625 0.5328125 0.065625 0.08828125
0 0.3828125 0.67421875 0.04609375 0.040625
0 0.43984375 0.72890625 0.04921875 0.0375
0 0.8375 0.91015625 0.06796875 0.05234375
0 0.90703125 0.7 0.03671875 0.02890625
0 0.35546875 0.5 0.03828125 0.04765625
0 0.465625 0.425 0.0140625 0.02578125
0 0.509375 0.44140625 0.02734375 0.03359375
0 0.534375 0.3625 0.0421875 0.0328125
0 0.58203125 0.32421875 0.03046875 0.01875
0 0.14296875 0.421875 0.0171875 0.028125
0 0.14609375 0.35234375 0.034375 0.021875
0 0.2578125 0.21484375 0.02890625 0.02265625
0 0.28671875 0.3078125 0.0328125 0.0609375
0 0.39140625 0.31796875 0.02890625 0.03515625
0 0.56484375 0.69609375 0.0390625 0.0375
0 0.53984375 0.6328125 0.0359375 0.01875
0 0.22109375 0.6734375 0.03125 0.0296875
0 0.02890625 0.3171875 0.05703125 0.05
0 0.05390625 0.05703125 0.03515625 0.0390625
0 0.15390625 0.13515625 0.0234375 0.0328125