0 0.5546875 0.4515625 0.0859375 0.1015625
0 0.34140625 0.36171875 0.0546875 0.0515625
0 0.3828125 0.29453125 0.0578125 0.0484375
0 0.71953125 0.025 0.0796875 0.05
0 0.84140625 0.2015625 0.0421875 0.0375
0 0.36015625 0.5375 0.05 0.05625
0 0.4859375 0.58125 0.0203125 0.028125
0 0.52421875 0.55390625 0.034375 0.0390625
0 0.56875 0.62421875 0.05 0.0421875
0 0.625 0.6484375 0.034375 0.0265625
0 0.175 0.66796875 0.0234375 0.03125
0 0.19609375 0.734375 0.0390625 0.0296875
0 0.33984375 0.83828125 0.034375 0.0296875
0 0.34375 0.740625 0.046875 0.0671875
0 0.4421875 0.70390625 0.0375 0.0421875
0 0.51171875 0.29375 0.046875 0.046875
0 0.50390625 0.36171875 0.0390625 0.028125
0 0.1859375 0.4046875 0.0375 0.0375
0 0.0921875 0.7984375 0.06875 0.0625
0 0.26015625 0.9421875 0.03125 0.0375