0 0.65703125 0.12265625 0.02578125 0.0578125
0 0.6484375 0.65078125 0.0453125 0.05078125
0 0.7953125 0.90703125 0.01953125 0.021875
0 0.83671875 0.8671875 0.03515625 0.04140625
0 0.47578125 0.85234375 0.034375 0.05625
0 0.38359375 0.83125 0.0515625 0.04765625
0 0.246875 0.71171875 0.034375 0.0359375
0 0.115625 0.54375 0.025 0.0234375
0 0.17734375 0.48515625 0.0375 0.02578125
0 0.12109375 0.03125 0.075 0.04921875
0 0.18359375 0.06015625 0.0328125 0.0328125
0 0.084375 0.23359375 0.03046875 0.028125
0 0.5171875 0.66328125 0.0203125 0.0296875
0 0.51640625 0.58984375 0.0609375 0.03359375
0 0.36328125 0.63046875 0.01953125 0.0265625
0 0.3828125 0.54765625 0.01875 0.01484375
0 0.2984375 0.81875 0.028125 0.0265625
0 0.57109375 0.4390625 0.0203125 0.02109375
0 0.315625 0.4359375 0.0265625 0.0234375
0 0.23046875 0.23984375 0.02265625 0.01953125
0 0.11640625 0.15625 0.0234375 0.0265625
0 0.8265625 0.4359375 0.03046875 0.02734375
0 0.3375 0.2734375 0.03046875 0.028125
0 0.70078125 0.67578125 0.0109375 0.02734375
0 0.5484375 0.359375 0.021875 0.01875
0 0.3875 0.46796875 0.015625 0.0125
0 0.359375 0.746875 0.0234375 0.028125