0 0.6765625 0.86875 0.028125 0.059375
0 0.640625 0.34140625 0.0484375 0.053125
0 0.7734375 0.078125 0.0203125 0.0234375
0 0.8171875 0.115625 0.0375 0.04375
0 0.45703125 0.14921875 0.0375 0.0578125
0 0.36640625 0.175 0.0546875 0.05
0 0.2359375 0.3015625 0.0359375 0.0375
0 0.1140625 0.4765625 0.0265625 0.025
0 0.17890625 0.53203125 0.0390625 0.028125
0 0.1453125 0.98046875 0.078125 0.0390625
0 0.20703125 0.95546875 0.034375 0.034375
0 0.09921875 0.7875 0.03125 0.0296875
0 0.50859375 0.3359375 0.021875 0.03125
0 0.51171875 0.409375 0.0625 0.0375
0 0.35625 0.3765625 0.0203125 0.028125
0 0.38046875 0.45859375 0.01875 0.015625
0 0.28203125 0.1921875 0.0296875 0.028125
0 0.57421875 0.55703125 0.021875 0.021875
0 0.31953125 0.5734375 0.028125 0.025
0 0.24453125 0.77421875 0.0234375 0.0203125
0 0.13515625 0.86328125 0.025 0.028125
0 0.8296875 0.546875 0.03125 0.028125
0 0.34921875 0.734375 0.03125 0.0296875
0 0.69140625 0.3140625 0.0125 0.028125
0 0.55546875 0.63828125 0.0234375 0.0203125
0 0.3890625 0.5375 0.015625 0.0140625
0 0.346875 0.2609375 0.025 0.0296875