0 0.25625 0.828125 0.0390625 0.0625
0 0.3921875 0.31796875 0.05625 0.0609375
0 0.31171875 0.03359375 0.025 0.0265625
0 0.2625 0.0625 0.04375 0.0484375
0 0.60859375 0.1640625 0.046875 0.0625
0 0.69296875 0.20703125 0.0609375 0.059375
0 0.796875 0.35546875 0.0421875 0.04375
0 0.88359375 0.55078125 0.0296875 0.028125
0 0.809375 0.5921875 0.0421875 0.034375
0 0.70078125 0.99140625 0.0390625 0.0171875
0 0.8390625 0.859375 0.0359375 0.034375
0 0.52265625 0.3375 0.0265625 0.034375
0 0.50546875 0.40859375 0.0671875 0.046875
0 0.6640625 0.40625 0.025 0.03125
0 0.625 0.48203125 0.021875 0.01875
0 0.77265625 0.23984375 0.034375 0.0328125
0 0.41640625 0.5421875 0.025 0.025
0 0.66328125 0.60703125 0.03125 0.0296875
0 0.6984375 0.81796875 0.0265625 0.025
0 0.7890625 0.9265625 0.0296875 0.03125
0 0.16796875 0.4828125 0.0359375 0.034375
0 0.603125 0.759375 0.0359375 0.034375
0 0.34765625 0.28125 0.0171875 0.0296875
0 0.41875 0.625 0.025 0.0234375
0 0.6015625 0.55859375 0.01875 0.015625
0 0.69609375 0.29453125 0.0296875 0.0328125