0 0.60234375 0.05546875 0.07109375 0.06015625
0 0.61875 0.4546875 0.0515625 0.05234375
0 0.61796875 0.38515625 0.05546875 0.03671875
0 0.365625 0.240625 0.0359375 0.0375
0 0.25078125 0.603125 0.0390625 0.03671875
0 0.13046875 0.67265625 0.0625 0.03359375
0 0.33046875 0.89609375 0.04765625 0.040625
0 0.5578125 0.6875 0.040625 0.0375
0 0.44453125 0.84921875 0.0359375 0.0421875
0 0.5671875 0.83203125 0.06875 0.1359375
0 0.78984375 0.3890625 0.059375 0.04140625
0 0.8875 0.515625 0.053125 0.0671875
0 0.07421875 0.04609375 0.08515625 0.0921875
0 0.8015625 0.8828125 0.0234375 0.04375
0 0.68203125 0.98515625 0.0390625 0.0296875
0 0.540625 0.978125 0.0375 0.03515625
0 0.3734375 0.34140625 0.03125 0.03125