0 0.57109375 0.04921875 0.075 0.065625
0 0.615625 0.446875 0.0546875 0.05625
0 0.609375 0.37734375 0.0578125 0.040625
0 0.34765625 0.25078125 0.0390625 0.040625
0 0.25859375 0.6203125 0.0421875 0.0390625
0 0.14375 0.69765625 0.0640625 0.0375
0 0.35859375 0.90703125 0.05 0.04375
0 0.57109375 0.6828125 0.04375 0.040625
0 0.46875 0.85234375 0.0390625 0.0453125
0 0.58984375 0.8265625 0.078125 0.140625
0 0.78125 0.36875 0.0625 0.0453125
0 0.8875 0.48828125 0.0578125 0.0703125
0 0.04453125 0.07578125 0.0890625 0.0984375
0 0.82734375 0.8609375 0.0265625 0.0453125
0 0.715625 0.97109375 0.040625 0.0328125
0 0.57421875 0.97421875 0.040625 0.0375
0 0.3625 0.35078125 0.0328125 0.0328125