0 0.37421875 0.06171875 0.0734375 0.0640625
0 0.37890625 0.4609375 0.0546875 0.0546875
0 0.3765625 0.39140625 0.0578125 0.0390625
0 0.6203125 0.23359375 0.0375 0.0390625
0 0.75390625 0.58984375 0.040625 0.0390625
0 0.878125 0.653125 0.0640625 0.0375
0 0.68984375 0.88671875 0.05 0.04375
0 0.45234375 0.690625 0.0421875 0.0390625
0 0.5734375 0.84609375 0.0375 0.04375
0 0.45 0.83515625 0.075 0.1390625
0 0.2046875 0.4046875 0.0609375 0.04375
0 0.1140625 0.5359375 0.05625 0.0703125
0 0.9015625 0.0359375 0.090625 0.071875
0 0.21875 0.8984375 0.025 0.0453125
0 0.34375 0.9890625 0.040625 0.021875
0 0.484375 0.9796875 0.0390625 0.0375
0 0.61796875 0.33515625 0.0328125 0.0328125