0 0.7546875 0.18828125 0.0828125 0.0453125
0 0.85234375 0.834375 0.0453125 0.075
0 0.0625 0.0609375 0.0453125 0.0421875
0 0.56796875 0.96484375 0.0734375 0.05859375
0 0.059375 0.9890625 0.025 0.021875
0 0.05703125 0.9125 0.03828125 0.0375
0 0.109375 0.959375 0.03671875 0.03046875
0 0.4453125 0.55625 0.0796875 0.01484375
0 0.52265625 0.5234375 0.05 0.03203125
0 0.32734375 0.3640625 0.03046875 0.03203125
0 0.42578125 0.3734375 0.0453125 0.0265625
0 0.5390625 0.36875 0.03125 0.02578125
0 0.35546875 0.51875 0.02265625 0.02734375
0 0.209375 0.4953125 0.0234375 0.03046875
0 0.27109375 0.48515625 0.0203125 0.0421875
0 0.37421875 0.46015625 0.02890625 0.02578125
0 0.415625 0.7 0.025 0.021875
0 0.59453125 0.628125 0.0203125 0.0609375
0 0.95078125 0.7125 0.034375 0.0375
0 0.6921875 0.10546875 0.040625 0.05625
0 0.09765625 0.21640625 0.0328125 0.01875
0 0.346875 0.21875 0.0296875 0.03125
0 0.51328125 0.7078125 0.01953125 0.0328125
0 0.04765625 0.653125 0.03125 0.0265625
0 0.71484375 0.8921875 0.01640625 0.02890625
0 0.02265625 0.55234375 0.025 0.0328125
0 0.14609375 0.45 0.03046875 0.0421875