0 0.2140625 0.21640625 0.0875 0.053125
0 0.184375 0.86953125 0.053125 0.0796875
0 0.8890625 0.0203125 0.05 0.040625
0 0.48046875 0.96796875 0.0796875 0.0640625
0 0.9875 0.940625 0.025 0.025
0 0.98125 0.8640625 0.0375 0.040625
0 0.93671875 0.91640625 0.0390625 0.034375
0 0.56015625 0.55 0.08125 0.0234375
0 0.4796875 0.52578125 0.053125 0.0375
0 0.6578125 0.346875 0.034375 0.034375
0 0.5609375 0.36640625 0.0484375 0.03125
0 0.44765625 0.3734375 0.034375 0.0296875
0 0.6453125 0.50390625 0.025 0.0296875
0 0.78828125 0.46484375 0.0265625 0.0328125
0 0.72578125 0.4609375 0.025 0.04375
0 0.62109375 0.446875 0.03125 0.028125
0 0.6046875 0.68984375 0.0265625 0.025
0 0.41953125 0.6375 0.0265625 0.0625
0 0.07421875 0.75859375 0.0375 0.040625
0 0.26796875 0.12734375 0.046875 0.0609375
0 0.8703125 0.17578125 0.034375 0.021875
0 0.62265625 0.20390625 0.0328125 0.034375
0 0.50859375 0.7078125 0.0234375 0.034375
0 0.965625 0.6046875 0.034375 0.0296875
0 0.32734375 0.9125 0.01875 0.0296875
0 0.98046875 0.50234375 0.028125 0.0359375
0 0.846875 0.41328125 0.034375 0.0453125