0 0.321875 0.1390625 0.090625 0.0625
0 0.08125 0.746875 0.0609375 0.0828125
0 0.32890625 0.9375 0.084375 0.0734375
0 0.83828125 0.9890625 0.0453125 0.021875
0 0.540625 0.5671875 0.08125 0.0328125
0 0.47265625 0.51796875 0.05625 0.0421875
0 0.6984375 0.40625 0.0375 0.0375
0 0.60078125 0.39375 0.05 0.0359375
0 0.49140625 0.36328125 0.0359375 0.0328125
0 0.63671875 0.55078125 0.028125 0.03125
0 0.784375 0.5609375 0.0296875 0.034375
0 0.7265625 0.53671875 0.0296875 0.0453125
0 0.63125 0.48984375 0.034375 0.03125
0 0.5375 0.7140625 0.0296875 0.0265625
0 0.37890625 0.60390625 0.0328125 0.0640625
0 0.0171875 0.6046875 0.034375 0.04375
0 0.4015625 0.07265625 0.0515625 0.0640625
0 0.95546875 0.3140625 0.0359375 0.025
0 0.7125 0.26015625 0.0359375 0.0375
0 0.440625 0.69921875 0.0265625 0.0359375
0 0.90625 0.75078125 0.0359375 0.0328125
0 0.20234375 0.83359375 0.021875 0.03125
0 0.953125 0.65859375 0.03125 0.0375
0 0.85625 0.53125 0.0390625 0.0484375