0 0.35078125 0.30625 0.053125 0.06171875
0 0.8890625 0.32578125 0.02890625 0.03515625
0 0.6484375 0.88203125 0.0171875 0.02578125
0 0.8359375 0.98125 0.0296875 0.0375
0 0.91953125 0.7515625 0.0375 0.03828125
0 0.553125 0.65078125 0.02421875 0.021875
0 0.109375 0.7 0.028125 0.02890625
0 0.1375 0.6140625 0.05390625 0.03203125
0 0.084375 0.52734375 0.03359375 0.0328125
0 0.29921875 0.29765625 0.02109375 0.028125
0 0.30859375 0.228125 0.0171875 0.025
0 0.4359375 0.03515625 0.05 0.06484375
0 0.1640625 0.45390625 0.01640625 0.025
0 0.084375 0.434375 0.025 0.03125
0 0.08828125 0.39453125 0.02265625 0.0140625
0 0.1703125 0.3921875 0.0234375 0.021875
0 0.20234375 0.5515625 0.009375 0.021875
0 0.25 0.540625 0.009375 0.01640625
0 0.03046875 0.884375 0.03671875 0.04140625
0 0.128125 0.846875 0.02578125 0.0296875
0 0.3078125 0.5390625 0.03125 0.02265625
0 0.4125 0.69140625 0.01484375 0.01640625
0 0.53046875 0.7625 0.0296875 0.01328125
0 0.87734375 0.68515625 0.0328125 0.025
0 0.5640625 0.2671875 0.0375 0.040625
0 0.6296875 0.18359375 0.0234375 0.03125
0 0.46328125 0.37421875 0.01796875 0.03125
0 0.3921875 0.5625 0.01796875 0.01953125
0 0.253125 0.85546875 0.015625 0.0171875