0 0.68046875 0.66484375 0.0625 0.0703125
0 0.146875 0.7390625 0.034375 0.0390625
0 0.2875 0.14921875 0.021875 0.028125
0 0.0859375 0.084375 0.0359375 0.0421875
0 0.04296875 0.325 0.04375 0.04375
0 0.421875 0.3609375 0.028125 0.025
0 0.85 0.23515625 0.0328125 0.0328125
0 0.8375 0.325 0.059375 0.040625
0 0.9046875 0.40078125 0.0390625 0.0375
0 0.7328125 0.6640625 0.025 0.03125
0 0.7359375 0.734375 0.021875 0.028125
0 0.64375 0.946875 0.0609375 0.071875
0 0.8390625 0.48671875 0.0203125 0.028125
0 0.92109375 0.4921875 0.0296875 0.034375
0 0.9234375 0.53203125 0.025 0.0171875
0 0.84375 0.54921875 0.0265625 0.025
0 0.784375 0.39765625 0.0125 0.0234375
0 0.7390625 0.41640625 0.0125 0.0171875
0 0.8953125 0.03984375 0.04375 0.046875
0 0.80625 0.09375 0.03125 0.034375
0 0.6828125 0.428125 0.034375 0.028125
0 0.553125 0.29609375 0.0171875 0.01875
0 0.42421875 0.246875 0.03125 0.01875
0 0.09609375 0.3828125 0.0359375 0.0296875
0 0.47734375 0.740625 0.04375 0.046875
0 0.42734375 0.834375 0.028125 0.034375
0 0.5578125 0.6171875 0.0234375 0.034375
0 0.5953125 0.41953125 0.0203125 0.021875
0 0.68125 0.10703125 0.01875 0.0203125