0 0.69140625 0.6515625 0.0671875 0.0734375
0 0.16484375 0.76328125 0.0359375 0.040625
0 0.26328125 0.16484375 0.0234375 0.0296875
0 0.0578125 0.1140625 0.0375 0.04375
0 0.03203125 0.35703125 0.0453125 0.046875
0 0.41171875 0.36640625 0.028125 0.0265625
0 0.83046875 0.21171875 0.034375 0.034375
0 0.82421875 0.3015625 0.059375 0.04375
0 0.896875 0.37265625 0.040625 0.040625
0 0.74375 0.64765625 0.0265625 0.0328125
0 0.7515625 0.7171875 0.0234375 0.028125
0 0.675 0.93515625 0.0640625 0.075
0 0.8375 0.46328125 0.021875 0.028125
0 0.91953125 0.46328125 0.03125 0.0359375
0 0.925 0.50234375 0.025 0.01875
0 0.84609375 0.525 0.028125 0.0265625
0 0.7765625 0.378125 0.0140625 0.0234375
0 0.7328125 0.4 0.0125 0.01875
0 0.86171875 0.01875 0.0453125 0.0375
0 0.7765625 0.0734375 0.0328125 0.034375
0 0.67734375 0.415625 0.0359375 0.0296875
0 0.53828125 0.29296875 0.01875 0.01875
0 0.40703125 0.25234375 0.03125 0.0203125
0 0.0890625 0.41171875 0.0375 0.0328125
0 0.49453125 0.74140625 0.046875 0.0484375
0 0.45078125 0.83828125 0.0296875 0.0359375
0 0.56640625 0.61328125 0.025 0.034375
0 0.58984375 0.41328125 0.021875 0.0234375
0 0.65390625 0.0953125 0.01875 0.0203125