0 0.4453125 0.6625 0.0453125 0.0828125
0 0.540625 0.684375 0.0390625 0.040625
0 0.67734375 0.6203125 0.0515625 0.0328125
0 0.57890625 0.234375 0.0734375 0.06875
0 0.5484375 0.346875 0.0390625 0.0640625
0 0.640625 0.2 0.028125 0.078125
0 0.328125 0.16328125 0.0453125 0.028125
0 0.1140625 0.66796875 0.021875 0.0546875
0 0.18671875 0.6703125 0.025 0.0265625
0 0.1171875 0.51796875 0.028125 0.0265625
0 0.0125 0.3515625 0.0203125 0.04375
0 0.6140625 0.95703125 0.0546875 0.065625
0 0.7234375 0.87578125 0.0328125 0.040625
0 0.853125 0.7 0.0296875 0.0578125
0 0.2359375 0.97890625 0.0265625 0.0328125
0 0.26875 0.82734375 0.015625 0.0328125
0 0.2953125 0.825 0.03125 0.0296875