0 0.4484375 0.33671875 0.04453125 0.08203125
0 0.54375 0.31640625 0.0390625 0.040625
0 0.6796875 0.3828125 0.0515625 0.03203125
0 0.57421875 0.7671875 0.07265625 0.0671875
0 0.54609375 0.65390625 0.0375 0.06328125
0 0.63515625 0.80234375 0.0265625 0.078125
0 0.32265625 0.83359375 0.04453125 0.028125
0 0.1171875 0.325 0.02109375 0.05390625
0 0.18984375 0.32421875 0.025 0.02578125
0 0.1171875 0.475 0.028125 0.02578125
0 0.01015625 0.63984375 0.01953125 0.04296875
0 0.621875 0.0453125 0.053125 0.06484375
0 0.7296875 0.128125 0.03203125 0.040625
0 0.85625 0.30625 0.028125 0.0578125
0 0.24453125 0.01640625 0.0265625 0.0328125
0 0.27421875 0.16875 0.015625 0.03203125
0 0.30078125 0.17109375 0.03046875 0.0296875