0 0.5484375 0.3359375 0.0453125 0.0828125
0 0.453125 0.3171875 0.0390625 0.040625
0 0.31796875 0.3859375 0.0515625 0.0328125
0 0.43046875 0.76875 0.0734375 0.06875
0 0.45625 0.6546875 0.0390625 0.0640625
0 0.3703125 0.8046875 0.028125 0.078125
0 0.6828125 0.83046875 0.0453125 0.028125
0 0.8796875 0.31796875 0.021875 0.0546875
0 0.80703125 0.31875 0.025 0.0265625
0 0.88203125 0.46796875 0.028125 0.0265625
0 0.990625 0.63125 0.01875 0.04375
0 0.3703125 0.04765625 0.0546875 0.065625
0 0.2640625 0.13203125 0.0328125 0.040625
0 0.140625 0.3125 0.0296875 0.0578125
0 0.74609375 0.0140625 0.0265625 0.028125
0 0.7203125 0.16484375 0.015625 0.0328125
0 0.69375 0.16796875 0.03125 0.0296875