0 0.146875 0.359375 0.0359375 0.034375
0 0.3265625 0.4234375 0.0234375 0.0328125
0 0.30625 0.52890625 0.025 0.0296875
0 0.38671875 0.55234375 0.034375 0.025
0 0.22109375 0.64296875 0.04375 0.05625
0 0.34921875 0.62265625 0.0328125 0.046875
0 0.03359375 0.68515625 0.0328125 0.1
0 0.7375 0.55078125 0.0390625 0.0546875
0 0.2859375 0.66328125 0.0296875 0.0359375
0 0.50078125 0.6265625 0.0265625 0.0609375
0 0.35234375 0.70390625 0.0328125 0.0484375
0 0.5140625 0.740625 0.025 0.0328125
0 0.42890625 0.76953125 0.0171875 0.03125
0 0.240625 0.82890625 0.0375 0.0375
0 0.70390625 0.8421875 0.0359375 0.0390625
0 0.76328125 0.8453125 0.0296875 0.0359375
0 0.9390625 0.825 0.03125 0.028125