0 0.1671875 0.6828125 0.0328125 0.03125
0 0.3375 0.59765625 0.0203125 0.03125
0 0.30390625 0.49453125 0.0234375 0.0265625
0 0.38125 0.46171875 0.03125 0.021875
0 0.20625 0.39140625 0.0390625 0.0515625
0 0.3359375 0.396875 0.028125 0.0453125
0 0.01484375 0.37265625 0.0203125 0.0984375
0 0.7296875 0.4203125 0.034375 0.0515625
0 0.2671875 0.3640625 0.025 0.0328125
0 0.48515625 0.37421875 0.0203125 0.0609375
0 0.32890625 0.315625 0.028125 0.046875
0 0.484375 0.259375 0.021875 0.03125
0 0.396875 0.24140625 0.0140625 0.03125
0 0.20234375 0.20546875 0.034375 0.034375
0 0.6609375 0.13515625 0.0328125 0.0359375
0 0.71875 0.125 0.025 0.0328125
0 0.89609375 0.1234375 0.0296875 0.025