0 0.18046875 0.29453125 0.03046875 0.0296875
0 0.34453125 0.39140625 0.01796875 0.0296875
0 0.30390625 0.49140625 0.02109375 0.02578125
0 0.37890625 0.5296875 0.03046875 0.0203125
0 0.19921875 0.5875 0.03515625 0.05
0 0.32890625 0.59140625 0.025 0.04296875
0 0.00703125 0.59296875 0.0140625 0.0984375
0 0.7234375 0.5953125 0.03046875 0.05
0 0.25859375 0.61953125 0.0234375 0.03203125
0 0.4765625 0.62421875 0.015625 0.059375
0 0.31640625 0.671875 0.025 0.04453125
0 0.46796875 0.7390625 0.01953125 0.0296875
0 0.37890625 0.75078125 0.0125 0.0296875
0 0.1828125 0.7734375 0.03203125 0.03203125
0 0.63515625 0.875 0.03046875 0.03359375
0 0.6921875 0.8890625 0.0234375 0.03203125
0 0.86875 0.903125 0.028125 0.02265625