0 0.46328125 0.3796875 0.0484375 0.0546875
0 0.52734375 0.53125 0.0375 0.0328125
0 0.28515625 0.51328125 0.025 0.0421875
0 0.46328125 0.7453125 0.04375 0.05
0 0.4015625 0.7453125 0.0375 0.0359375
0 0.36796875 0.709375 0.034375 0.0390625
0 0.35546875 0.64375 0.025 0.0359375
0 0.36953125 0.640625 0.0265625 0.0328125
0 0.36796875 0.8734375 0.0234375 0.0421875
0 0.6828125 0.5921875 0.03125 0.0359375
0 0.62578125 0.50859375 0.0265625 0.0328125
0 0.5875 0.62890625 0.0203125 0.0296875
0 0.6328125 0.028125 0.0671875 0.034375
0 0.7796875 0.10859375 0.0609375 0.0578125
0 0.79140625 0.32578125 0.040625 0.0453125
0 0.81484375 0.4734375 0.021875 0.0453125
0 0.8 0.528125 0.0203125 0.0203125
0 0.26875 0.36640625 0.0171875 0.028125
0 0.0703125 0.4515625 0.0421875 0.04375
0 0.07578125 0.36484375 0.025 0.0265625
0 0.23515625 0.528125 0.034375 0.034375
0 0.57578125 0.728125 0.0390625 0.040625
0 0.415625 0.31328125 0.0390625 0.05
0 0.45625 0.01015625 0.025 0.0203125
0 0.34453125 0.01875 0.0359375 0.0375
0 0.08125 0.81171875 0.0453125 0.046875
0 0.32109375 0.18828125 0.021875 0.034375
0 0.6984375 0.03984375 0.028125 0.021875