0 0.41953125 0.403125 0.046875 0.053125
0 0.5375 0.51796875 0.0375 0.03125
0 0.3078125 0.59609375 0.025 0.0421875
0 0.56171875 0.740625 0.0421875 0.0484375
0 0.50546875 0.7640625 0.0375 0.0359375
0 0.46015625 0.74453125 0.034375 0.0390625
0 0.42265625 0.6890625 0.025 0.0359375
0 0.43515625 0.68046875 0.0265625 0.0328125
0 0.52421875 0.8953125 0.0234375 0.040625
0 0.70390625 0.51328125 0.03125 0.0359375
0 0.61953125 0.45859375 0.0265625 0.0328125
0 0.63125 0.584375 0.01875 0.0296875
0 0.43828125 0.015625 0.0671875 0.03125
0 0.6046875 0.03046875 0.059375 0.0578125
0 0.7 0.22578125 0.040625 0.0453125
0 0.7796875 0.35234375 0.0203125 0.0453125
0 0.78671875 0.40859375 0.0203125 0.0203125
0 0.23515625 0.4671875 0.0171875 0.028125
0 0.08515625 0.6234375 0.0421875 0.04375
0 0.05703125 0.54140625 0.025 0.0265625
0 0.2671875 0.6296875 0.0328125 0.034375
0 0.659375 0.6796875 0.0375 0.040625
0 0.35 0.3609375 0.0390625 0.05
0 0.2671875 0.0625 0.0234375 0.0296875
0 0.1671875 0.1140625 0.0359375 0.0453125
0 0.23671875 0.95078125 0.0453125 0.046875
0 0.21328125 0.2828125 0.021875 0.034375
0 0.503125 0.0046875 0.028125 0.009375