0 0.4390625 0.38984375 0.0390625 0.046875
0 0.53359375 0.525 0.03359375 0.02578125
0 0.29296875 0.5578125 0.01796875 0.0390625
0 0.51484375 0.74765625 0.03515625 0.04296875
0 0.4546875 0.76015625 0.03203125 0.0296875
0 0.4140625 0.73203125 0.028125 0.03359375
0 0.38828125 0.67109375 0.01953125 0.03203125
0 0.4015625 0.66484375 0.02109375 0.0296875
0 0.4484375 0.89296875 0.015625 0.0390625
0 0.69765625 0.55234375 0.025 0.03203125
0 0.625 0.48203125 0.02109375 0.0296875
0 0.6125 0.6078125 0.0140625 0.028125
0 0.53203125 0.0109375 0.0640625 0.021875
0 0.6921875 0.059375 0.0515625 0.0484375
0 0.7484375 0.26875 0.03359375 0.0390625
0 0.80234375 0.40859375 0.0125 0.04296875
0 0.79921875 0.46484375 0.01796875 0.01640625
0 0.24609375 0.4171875 0.0125 0.02578125
0 0.06953125 0.5421875 0.03515625 0.0375
0 0.05703125 0.45625 0.02109375 0.02265625
0 0.246875 0.5828125 0.028125 0.0296875
0 0.621875 0.70703125 0.03203125 0.03515625
0 0.37890625 0.33515625 0.03046875 0.04453125
0 0.3546875 0.02578125 0.01953125 0.02578125
0 0.246875 0.0578125 0.028125 0.040625
0 0.15546875 0.8921875 0.0375 0.040625
0 0.26015625 0.23203125 0.015625 0.03203125
0 0.5984375 0.00859375 0.025 0.01640625