0 0.28359375 0.98515625 0.125 0.0234375
0 0.0625 0.9515625 0.0421875 0.08125
0 0.4203125 0.678125 0.059375 0.0640625
0 0.45859375 0.55703125 0.0390625 0.05
0 0.42421875 0.37578125 0.0953125 0.05625
0 0.3109375 0.13359375 0.0390625 0.046875
0 0.04609375 0.315625 0.040625 0.05
0 0.67265625 0.028125 0.065625 0.0484375
0 0.87734375 0.21796875 0.034375 0.025
0 0.81484375 0.8359375 0.046875 0.0453125
0 0.6703125 0.7328125 0.059375 0.0453125
0 0.73203125 0.95078125 0.03125 0.0359375
0 0.259375 0.56015625 0.0234375 0.0296875
0 0.2203125 0.66953125 0.0140625 0.0265625
0 0.2484375 0.665625 0.034375 0.0234375
0 0.22421875 0.63203125 0.0203125 0.0265625
0 0.48984375 0.2765625 0.03125 0.0390625
0 0.759375 0.3984375 0.015625 0.025
0 0.790625 0.503125 0.021875 0.0390625
0 0.68671875 0.140625 0.028125 0.0375