0 0.275 0.01875 0.125 0.0265625
0 0.0546875 0.05625 0.04375 0.0828125
0 0.4171875 0.3234375 0.0609375 0.065625
0 0.45703125 0.44375 0.0390625 0.0515625
0 0.4265625 0.625 0.0953125 0.0578125
0 0.3171875 0.86953125 0.0390625 0.0484375
0 0.04921875 0.6921875 0.040625 0.0515625
0 0.68046875 0.96875 0.065625 0.0484375
0 0.8828125 0.775 0.034375 0.025
0 0.80859375 0.15859375 0.046875 0.046875
0 0.66640625 0.2640625 0.059375 0.046875
0 0.72421875 0.0453125 0.03125 0.0359375
0 0.2578125 0.44453125 0.025 0.03125
0 0.2171875 0.33515625 0.015625 0.0265625
0 0.24609375 0.33828125 0.034375 0.0234375
0 0.221875 0.37265625 0.0203125 0.0265625
0 0.49375 0.7234375 0.03125 0.040625
0 0.76171875 0.596875 0.0171875 0.025
0 0.790625 0.49140625 0.021875 0.0390625
0 0.69296875 0.85625 0.0296875 0.0390625