0 0.2921875 0.0109375 0.125 0.021875
0 0.0703125 0.040625 0.040625 0.08125
0 0.4234375 0.3203125 0.05859375 0.06328125
0 0.459375 0.4421875 0.0375 0.05
0 0.421875 0.62265625 0.09375 0.05390625
0 0.3046875 0.86328125 0.0375 0.046875
0 0.04296875 0.6765625 0.0390625 0.05
0 0.6640625 0.975 0.0640625 0.046875
0 0.87265625 0.78828125 0.03359375 0.02421875
0 0.8203125 0.16953125 0.04609375 0.04453125
0 0.67421875 0.2703125 0.05859375 0.04453125
0 0.73984375 0.053125 0.03046875 0.03515625
0 0.26015625 0.4359375 0.0234375 0.0296875
0 0.2234375 0.32578125 0.0140625 0.02578125
0 0.2515625 0.3296875 0.03359375 0.02265625
0 0.2265625 0.36328125 0.01953125 0.02578125
0 0.4859375 0.7234375 0.03046875 0.0390625
0 0.7578125 0.60625 0.015625 0.02421875
0 0.790625 0.5015625 0.02109375 0.0390625
0 0.68046875 0.8625 0.028125 0.0375