0 0.203125 0.6765625 0.10234375 0.0734375
0 0.9078125 0.02265625 0.046875 0.03984375
0 0.81875 0.12734375 0.04921875 0.0515625
0 0.91484375 0.284375 0.04921875 0.08828125
0 0.965625 0.48515625 0.0515625 0.05078125
0 0.93984375 0.6109375 0.046875 0.07109375
0 0.88359375 0.79296875 0.06484375 0.0453125
0 0.77265625 0.93359375 0.07578125 0.05859375
0 0.66171875 0.296875 0.028125 0.0265625
0 0.61796875 0.51484375 0.046875 0.04453125
0 0.68359375 0.4703125 0.009375 0.025
0 0.66015625 0.6515625 0.025 0.03984375