0 0.59609375 0.12421875 0.065625 0.075
0 0.678125 0.2984375 0.0390625 0.0421875
0 0.7078125 0.659375 0.1046875 0.121875
0 0.2890625 0.3 0.090625 0.0859375
0 0.12890625 0.60546875 0.1578125 0.146875
0 0.07421875 0.43515625 0.075 0.0625
0 0.51015625 0.73046875 0.0375 0.03125
0 0.4171875 0.64375 0.0359375 0.04375
0 0.74453125 0.4453125 0.028125 0.028125
0 0.4234375 0.1765625 0.0390625 0.040625
0 0.25234375 0.7671875 0.021875 0.034375
0 0.259375 0.07734375 0.0546875 0.0671875
0 0.62890625 0.49453125 0.0375 0.0390625
0 0.9109375 0.425 0.0375 0.0375
0 0.3484375 0.69609375 0.0203125 0.03125