0 0.609375 0.87265625 0.0625 0.0734375
0 0.68515625 0.6953125 0.0375 0.0421875
0 0.70234375 0.33359375 0.1015625 0.1203125
0 0.29609375 0.7078125 0.0890625 0.084375
0 0.125 0.4078125 0.1546875 0.14375
0 0.0765625 0.5796875 0.0734375 0.0609375
0 0.9859375 0.1890625 0.028125 0.103125
0 0.5015625 0.26953125 0.0375 0.0296875
0 0.4125 0.359375 0.0359375 0.04375
0 0.746875 0.54609375 0.028125 0.0265625
0 0.43515625 0.82578125 0.0390625 0.0390625
0 0.24375 0.24140625 0.0203125 0.0328125
0 0.27421875 0.93046875 0.053125 0.0671875
0 0.62890625 0.50078125 0.0375 0.0390625
0 0.91328125 0.5609375 0.0359375 0.0359375
0 0.34140625 0.309375 0.0203125 0.0296875