0 0.315625 0.15859375 0.05078125 0.06484375
0 0.278125 0.34765625 0.03125 0.0359375
0 0.33671875 0.7046875 0.08125 0.10546875
0 0.65625 0.2546875 0.0765625 0.06953125
0 0.8859375 0.5125 0.1328125 0.11875
0 0.89765625 0.334375 0.065625 0.04765625
0 0.0515625 0.9125 0.08671875 0.08671875
0 0.54609375 0.72578125 0.0328125 0.0234375
0 0.61484375 0.61953125 0.028125 0.03828125
0 0.24921875 0.50625 0.0234375 0.02265625
0 0.49609375 0.16796875 0.03203125 0.03359375
0 0.8046875 0.69921875 0.0140625 0.03125
0 0.63125 0.03203125 0.0421875 0.059375
0 0.3734375 0.52578125 0.03125 0.0328125
0 0.0828125 0.5265625 0.03046875 0.03046875
0 0.69453125 0.65390625 0.0140625 0.028125