0 0.13203125 0.0390625 0.08125 0.07265625
0 0.43984375 0.19765625 0.08984375 0.08359375
0 0.78359375 0.21640625 0.05 0.04609375
0 0.86171875 0.51953125 0.0734375 0.1078125
0 0.52578125 0.6296875 0.0953125 0.090625
0 0.7625 0.865625 0.04453125 0.0953125
0 0.14453125 0.58984375 0.01171875 0.03359375
0 0.2703125 0.52265625 0.03828125 0.03515625
0 0.02890625 0.8828125 0.05703125 0.13046875
0 0.4640625 0.86640625 0.03203125 0.034375
0 0.8796875 0.9 0.065625 0.0734375
0 0.6515625 0.0640625 0.09921875 0.10234375