2 0.084625 0.242647 0.053328 0.022208
0 0.858815 0.759116 0.102883 0.226655
3 0.638996 0.402018 0.030426 0.030426
1 0.752361 0.847101 0.058321 0.063213
0 0.581122 0.671766 0.084474 0.014502
1 0.271863 0.644454 0.084740 0.060046
0 0.886703 0.787867 0.110124 0.176843
1 0.750643 0.906520 0.051544 0.061592
4 0.861555 0.779929 0.089543 0.089543
0 0.299418 0.152723 0.151412 0.105958
3 0.442727 0.075582 0.030357 0.030357
1 0.266479 0.213955 0.065334 0.058621
2 0.697921 0.445573 0.057178 0.073098
0 0.194513 0.688189 0.098938 0.060824
0 0.186341 0.344505 0.053714 0.124481
1 0.266277 0.460656 0.080026 0.068098
0 0.382184 0.549348 0.089304 0.068796
2 0.490623 0.188970 0.053205 0.116376
0 0.472067 0.787792 0.049351 0.123287
0 0.609007 0.703526 0.081678 0.016220
1 0.664884 0.734586 0.027385 0.029294
