0 0.817612 0.268413 0.091843 0.199229
0 0.778287 0.103090 0.105944 0.078354
2 0.830327 0.245655 0.057475 0.089784
1 0.852088 0.764292 0.064370 0.062130
4 0.627492 0.103311 0.098438 0.098438
0 0.388898 0.350791 0.165698 0.058486
1 0.488659 0.277282 0.040055 0.040121
1 0.504686 0.915944 0.033826 0.029019
0 0.818883 0.786796 0.055455 0.216656
3 0.613984 0.870163 0.053795 0.053795
0 0.450707 0.302705 0.181444 0.033474
0 0.158417 0.595810 0.047425 0.073257
1 0.223537 0.707979 0.029570 0.027156
0 0.780020 0.072732 0.074939 0.101212
3 0.125270 0.740422 0.040920 0.040920
0 0.783451 0.472043 0.064712 0.052697
3 0.882186 0.639727 0.039456 0.039456
1 0.867380 0.361249 0.022141 0.027879
1 0.634238 0.147682 0.028740 0.036373
1 0.402801 0.730471 0.044357 0.051731
