1 0.087023 0.535190 0.030749 0.042289
0 0.732246 0.774392 0.130138 0.025797
0 0.631906 0.372073 0.034171 0.148843
0 0.473693 0.414451 0.098227 0.183819
1 0.368007 0.667280 0.067461 0.074634
0 0.121981 0.727725 0.100893 0.114960
1 0.276965 0.602365 0.082377 0.078491
1 0.500273 0.451373 0.042211 0.056010
3 0.254156 0.157004 0.046820 0.046820
3 0.750803 0.888582 0.063046 0.063046
1 0.373276 0.552750 0.066425 0.068697
0 0.914668 0.665521 0.139891 0.110178
0 0.653005 0.566490 0.218005 0.147029
3 0.180657 0.590073 0.066316 0.066316
4 0.706450 0.335901 0.059317 0.059317
1 0.471570 0.193430 0.034008 0.028575
3 0.814929 0.570555 0.065560 0.065560
1 0.320592 0.664995 0.061792 0.053306
1 0.850484 0.684795 0.029637 0.027191
3 0.256821 0.524943 0.066461 0.066461
0 0.303861 0.837679 0.192056 0.068342
3 0.081303 0.392883 0.043313 0.043313
