4 0.357598 0.843461 0.077083 0.077083
2 0.320632 0.123571 0.075473 0.086529
1 0.650348 0.727590 0.028110 0.028973
1 0.201502 0.684425 0.063603 0.055384
1 0.793081 0.922493 0.026445 0.027713
1 0.685083 0.592703 0.084087 0.078361
0 0.418258 0.085646 0.116195 0.171291
0 0.675471 0.620700 0.105835 0.055633
3 0.213051 0.499857 0.030297 0.030297
3 0.151136 0.694198 0.042135 0.042135
1 0.298121 0.687694 0.070334 0.064210
0 0.376167 0.188913 0.179914 0.080795
4 0.449719 0.098176 0.085777 0.085777
1 0.627414 0.843180 0.052600 0.063698
1 0.358852 0.563232 0.103289 0.084541
3 0.088302 0.875223 0.044954 0.044954
4 0.401520 0.419127 0.063634 0.063634
1 0.772833 0.447320 0.073603 0.081787
4 0.647617 0.119781 0.048379 0.048379
4 0.537439 0.623316 0.087727 0.087727
0 0.825055 0.708804 0.048190 0.150498
1 0.608595 0.408746 0.050022 0.055875
