0 0.892573 0.145252 0.099167 0.144283
1 0.360120 0.436843 0.049609 0.056097
2 0.483027 0.316334 0.066244 0.062442
0 0.761322 0.761965 0.067843 0.079816
0 0.797567 0.869487 0.111094 0.115210
0 0.634514 0.559382 0.041094 0.061996
0 0.480923 0.397302 0.086332 0.146464
1 0.100306 0.759218 0.047315 0.043706
2 0.916205 0.774079 0.042147 0.059462
2 0.174619 0.813546 0.054280 0.029810
0 0.777432 0.231187 0.068289 0.123645
1 0.620549 0.087490 0.065697 0.075742
0 0.770673 0.316174 0.054929 0.176466
1 0.304688 0.562503 0.043981 0.047591
1 0.084795 0.760153 0.032106 0.032440
0 0.114219 0.134980 0.151112 0.104794
0 0.644409 0.361189 0.214588 0.013390
0 0.566595 0.428112 0.221982 0.140092
1 0.331375 0.903744 0.051895 0.046712
