1 0.828418 0.729121 0.053446 0.050730
3 0.926499 0.911338 0.062042 0.062042
1 0.685649 0.167454 0.074620 0.087924
2 0.729052 0.309823 0.043413 0.060563
1 0.772634 0.928288 0.067638 0.061613
0 0.333188 0.143847 0.156782 0.066267
0 0.300740 0.539151 0.120916 0.039497
0 0.591671 0.836783 0.085685 0.089432
0 0.881631 0.551489 0.043036 0.046377
0 0.721912 0.656689 0.066050 0.129380
0 0.822333 0.875008 0.187571 0.163281
2 0.453915 0.263701 0.044883 0.108665
0 0.538207 0.583497 0.016067 0.104044
0 0.827033 0.184672 0.149523 0.089505
4 0.537800 0.226244 0.078956 0.078956
0 0.272154 0.245951 0.128441 0.081030
1 0.329133 0.252928 0.046987 0.055283
4 0.351947 0.201668 0.075515 0.075515
