3 0.904460 0.510008 0.027357 0.027357
3 0.293739 0.676764 0.033922 0.033922
2 0.599603 0.788110 0.093155 0.068625
1 0.675078 0.248012 0.058263 0.061502
4 0.360875 0.769927 0.107342 0.107342
0 0.896988 0.895560 0.187040 0.144979
3 0.738751 0.808088 0.058585 0.058585
1 0.729965 0.931392 0.026442 0.025741
0 0.669319 0.251130 0.191255 0.188641
0 0.436669 0.211099 0.045261 0.123075
1 0.501289 0.495552 0.061156 0.054115
1 0.332293 0.431199 0.049772 0.054878
1 0.809461 0.363663 0.051540 0.054465
3 0.532687 0.702636 0.040530 0.040530
0 0.713738 0.122580 0.156328 0.127298
1 0.763193 0.428756 0.049434 0.037840
1 0.830802 0.839258 0.031052 0.030421
4 0.325136 0.590432 0.087960 0.087960
0 0.886401 0.712615 0.184511 0.094789
