3 0.129721 0.833734 0.058243 0.058243
0 0.709438 0.835491 0.094961 0.128840
1 0.194652 0.243116 0.080354 0.066468
0 0.187370 0.852484 0.056779 0.270197
4 0.603080 0.409016 0.097544 0.097544
3 0.744633 0.400342 0.058807 0.058807
0 0.124164 0.569768 0.121633 0.095216
4 0.682957 0.614454 0.072947 0.072947
3 0.520640 0.883178 0.070447 0.070447
1 0.556812 0.779221 0.039963 0.036032
1 0.543734 0.164584 0.060143 0.062952
3 0.114191 0.199075 0.079732 0.079732
0 0.608633 0.859116 0.169574 0.013613
3 0.211029 0.727170 0.059050 0.059050
3 0.118626 0.870500 0.049583 0.049583
0 0.727375 0.349937 0.121738 0.145931
0 0.812350 0.191651 0.195251 0.031443
4 0.779068 0.337840 0.090840 0.090840
0 0.814198 0.825247 0.110278 0.218488
