1 0.085141 0.311034 0.027808 0.023887
3 0.542819 0.567692 0.042723 0.042723
3 0.720764 0.098145 0.053266 0.053266
0 0.120366 0.893084 0.019373 0.094288
1 0.551803 0.756915 0.026251 0.030603
0 0.412065 0.570379 0.131181 0.069189
1 0.921897 0.416297 0.031200 0.038424
0 0.663630 0.420141 0.060587 0.113952
1 0.656210 0.448963 0.041780 0.053069
3 0.185611 0.306912 0.027331 0.027331
0 0.618706 0.458364 0.051527 0.122560
3 0.627068 0.399009 0.060837 0.060837
2 0.511192 0.658697 0.069272 0.064822
0 0.701661 0.695868 0.140864 0.104303
0 0.472810 0.234509 0.014216 0.066719
