0 0.862365 0.177457 0.152673 0.027825
3 0.776071 0.695236 0.032699 0.032699
1 0.249546 0.750337 0.068218 0.082614
3 0.525567 0.228423 0.037835 0.037835
4 0.587718 0.707814 0.050209 0.050209
1 0.558292 0.441524 0.078556 0.081300
1 0.139107 0.310795 0.059319 0.046770
1 0.314282 0.243878 0.054475 0.057467
1 0.108955 0.865598 0.042670 0.052336
0 0.632295 0.907457 0.036478 0.115776
0 0.744209 0.714316 0.167226 0.107604
0 0.168732 0.336468 0.159214 0.106607
1 0.404615 0.684414 0.073133 0.082353
0 0.361277 0.860733 0.098518 0.197696
0 0.187506 0.443764 0.086659 0.024716
1 0.171303 0.600890 0.058254 0.050893
1 0.352749 0.588503 0.063456 0.053017
2 0.547197 0.326845 0.074389 0.075475
2 0.470930 0.105197 0.055314 0.077731
4 0.591062 0.924357 0.108190 0.108190
