0 0.496751 0.345451 0.083321 0.098724
4 0.137411 0.692565 0.087306 0.087306
1 0.214553 0.106569 0.065607 0.062861
1 0.452066 0.815408 0.065707 0.044531
1 0.545277 0.634113 0.086836 0.079854
0 0.285367 0.162268 0.258568 0.061834
2 0.206944 0.518645 0.046705 0.064881
0 0.393103 0.726955 0.043636 0.201334
0 0.607171 0.763862 0.042821 0.127027
3 0.498579 0.689528 0.037724 0.037724
1 0.403604 0.867919 0.072787 0.079495
1 0.536174 0.461625 0.030881 0.033909
0 0.861185 0.067377 0.163956 0.048446
1 0.140216 0.348525 0.058703 0.052253
0 0.383896 0.201018 0.146278 0.092193
1 0.574206 0.267602 0.049650 0.060010
1 0.376201 0.321207 0.033842 0.034942
0 0.751431 0.092362 0.053094 0.078851
