0 0.669705 0.412469 0.115720 0.052997
1 0.923561 0.213850 0.036956 0.032823
0 0.461073 0.186415 0.079006 0.065465
0 0.119286 0.252602 0.070075 0.041426
1 0.097659 0.778429 0.092345 0.098386
0 0.618395 0.528117 0.027520 0.085953
4 0.273559 0.156051 0.089241 0.089241
0 0.449634 0.320153 0.078136 0.102985
0 0.851782 0.643692 0.032296 0.098626
0 0.454839 0.183911 0.044720 0.160744
0 0.218248 0.691588 0.042383 0.203084
1 0.594313 0.407536 0.043519 0.053673
1 0.612575 0.069537 0.023599 0.024502
1 0.789751 0.577905 0.038812 0.040392
1 0.566898 0.876282 0.072596 0.067962
0 0.858430 0.065803 0.040428 0.045106
0 0.574913 0.336256 0.082427 0.125149
