3 0.698853 0.549676 0.041375 0.041375
4 0.647011 0.524298 0.112182 0.112182
0 0.562147 0.082204 0.198813 0.066050
4 0.924085 0.106119 0.049015 0.049015
3 0.384406 0.083941 0.025593 0.025593
1 0.338046 0.573480 0.073530 0.072913
0 0.234016 0.804771 0.141990 0.071451
2 0.105880 0.390677 0.037001 0.031710
0 0.945598 0.870305 0.041119 0.124299
3 0.714687 0.172472 0.049282 0.049282
1 0.573138 0.309084 0.058809 0.060472
1 0.317733 0.720581 0.045993 0.060809
0 0.654670 0.290185 0.178419 0.049462
0 0.523275 0.713458 0.279401 0.057390
1 0.731984 0.458661 0.061519 0.080164
4 0.483558 0.221148 0.047049 0.047049
0 0.121618 0.740325 0.121842 0.092913
