0 0.629899 0.497522 0.032339 0.121860
0 0.909629 0.780284 0.089919 0.028055
1 0.433254 0.289957 0.068301 0.076122
2 0.309749 0.268260 0.071442 0.042118
0 0.660761 0.430994 0.189783 0.170988
0 0.841187 0.804656 0.076231 0.061122
0 0.508095 0.395940 0.095981 0.029317
0 0.336908 0.416792 0.035587 0.094273
1 0.119287 0.685303 0.038956 0.039723
0 0.674796 0.200792 0.024512 0.167884
0 0.860701 0.273749 0.129719 0.044242
1 0.883493 0.848213 0.047988 0.049636
3 0.500799 0.845483 0.031708 0.031708
3 0.792495 0.564631 0.031730 0.031730
0 0.627334 0.722039 0.016921 0.093868
1 0.416079 0.532990 0.098114 0.097625
