2 0.752058 0.217613 0.062863 0.042094
1 0.157820 0.929162 0.035574 0.037031
0 0.177664 0.489031 0.210975 0.041599
1 0.572988 0.907041 0.082677 0.071325
4 0.601462 0.309844 0.073664 0.073664
1 0.479006 0.164031 0.090229 0.073650
2 0.701503 0.805449 0.033535 0.095804
1 0.109495 0.333491 0.074773 0.072589
1 0.786244 0.857840 0.035376 0.035647
0 0.243126 0.932913 0.057035 0.060779
0 0.222478 0.613764 0.126309 0.026606
3 0.154030 0.473003 0.043594 0.043594
0 0.203315 0.836193 0.084990 0.087791
0 0.068290 0.317018 0.042690 0.071235
1 0.426108 0.607222 0.033769 0.039763
0 0.684153 0.919093 0.091884 0.158689
0 0.712040 0.762763 0.050774 0.201105
