1 0.595495 0.292380 0.062929 0.065189
2 0.539418 0.413196 0.050440 0.035671
1 0.448005 0.452245 0.033036 0.036290
2 0.205092 0.078138 0.050125 0.061418
2 0.699026 0.650600 0.087310 0.085269
1 0.704117 0.375849 0.040990 0.042396
2 0.904349 0.288962 0.064599 0.085737
1 0.771903 0.499756 0.063084 0.068549
1 0.919559 0.777107 0.060606 0.055576
0 0.273281 0.567378 0.102815 0.054426
4 0.627251 0.506833 0.051663 0.051663
0 0.745438 0.777912 0.035328 0.128152
2 0.899601 0.489127 0.051995 0.037655
0 0.870232 0.734873 0.170366 0.040024
4 0.632950 0.629086 0.078332 0.078332
0 0.543218 0.446453 0.035278 0.166651
2 0.325156 0.903791 0.028460 0.064083
1 0.187712 0.171132 0.024402 0.027148
3 0.783886 0.847312 0.033705 0.033705
