2 0.866372 0.631351 0.077997 0.049592
2 0.069056 0.356722 0.036005 0.088383
1 0.725428 0.666301 0.065037 0.072529
1 0.785638 0.072653 0.023410 0.020001
0 0.708876 0.762911 0.049588 0.074236
1 0.405510 0.817799 0.066191 0.073755
1 0.686838 0.341842 0.076848 0.064187
4 0.098323 0.438712 0.079168 0.079168
0 0.890888 0.395359 0.078531 0.127566
1 0.676393 0.686565 0.081813 0.085714
1 0.864090 0.579417 0.058262 0.053928
3 0.854483 0.226462 0.034827 0.034827
0 0.673802 0.342986 0.013660 0.086884
0 0.654429 0.246032 0.126668 0.093833
