2 0.387598 0.729036 0.029111 0.079116
0 0.435041 0.330182 0.133873 0.171596
1 0.403502 0.393148 0.054067 0.042424
0 0.472153 0.675645 0.061434 0.082820
0 0.917459 0.374597 0.158942 0.028446
1 0.247848 0.413119 0.062886 0.066672
1 0.507920 0.506250 0.054018 0.043920
1 0.564376 0.183091 0.035285 0.038039
1 0.733468 0.504506 0.081643 0.060884
4 0.267615 0.836242 0.068351 0.068351
1 0.349294 0.240057 0.031638 0.028241
3 0.347968 0.890711 0.031559 0.031559
1 0.356905 0.558427 0.060218 0.058832
2 0.213488 0.872785 0.069329 0.068733
0 0.217058 0.854366 0.092923 0.119491
0 0.860164 0.315477 0.055667 0.076185
1 0.499783 0.134129 0.045854 0.051522
