4 0.754263 0.488456 0.079310 0.079310
0 0.809075 0.221015 0.034052 0.183219
0 0.509537 0.736210 0.168485 0.116480
1 0.210918 0.820536 0.038261 0.039395
2 0.216104 0.662952 0.018405 0.058639
3 0.884212 0.290149 0.037290 0.037290
0 0.273371 0.298982 0.055191 0.034827
1 0.826666 0.411975 0.052470 0.063616
1 0.898788 0.500988 0.041823 0.042361
1 0.861562 0.760966 0.075107 0.084199
4 0.121112 0.280347 0.107244 0.107244
0 0.769617 0.139705 0.072567 0.116945
1 0.079840 0.246615 0.090427 0.088216
0 0.271026 0.398401 0.142636 0.086486
1 0.259286 0.342695 0.083963 0.100771
3 0.813937 0.575818 0.069388 0.069388
0 0.368922 0.078825 0.024189 0.106235
