4 0.429124 0.809075 0.083673 0.083673
1 0.730247 0.424499 0.087003 0.085257
4 0.231849 0.594730 0.065272 0.065272
1 0.480138 0.788775 0.039622 0.040190
0 0.555623 0.743097 0.103513 0.059275
1 0.482379 0.693973 0.029049 0.022173
0 0.886655 0.392219 0.056194 0.095937
2 0.222789 0.806201 0.037708 0.023701
0 0.674686 0.820488 0.070433 0.035111
1 0.870691 0.625553 0.045447 0.048232
4 0.349230 0.384713 0.040018 0.040018
0 0.268053 0.142562 0.097296 0.189216
1 0.532374 0.213843 0.034140 0.036893
1 0.819246 0.371569 0.037927 0.037306
1 0.563867 0.756311 0.036630 0.038835
1 0.447127 0.553096 0.091425 0.096451
4 0.457872 0.134206 0.047059 0.047059
