1 0.158974 0.395761 0.032743 0.030174
1 0.686739 0.288177 0.049789 0.040633
0 0.885796 0.228963 0.132645 0.021238
3 0.119248 0.553474 0.058298 0.058298
3 0.751954 0.444005 0.035410 0.035410
3 0.121338 0.471434 0.025436 0.025436
1 0.527063 0.361466 0.081224 0.083308
2 0.552355 0.156559 0.060603 0.040242
1 0.548229 0.703437 0.059802 0.060117
3 0.435063 0.568189 0.044168 0.044168
1 0.572053 0.231918 0.052093 0.052895
1 0.305440 0.543753 0.050668 0.050763
1 0.357065 0.879056 0.075855 0.053786
0 0.279402 0.869654 0.134523 0.020736
0 0.106956 0.758172 0.078753 0.152869
0 0.151340 0.532760 0.207534 0.150108
2 0.260650 0.883367 0.074411 0.044290
