0 0.281903 0.265961 0.122216 0.071632
4 0.757204 0.746789 0.061984 0.061984
0 0.785492 0.153196 0.129562 0.157996
0 0.303618 0.786915 0.119992 0.055588
2 0.605605 0.111220 0.075660 0.051953
1 0.834184 0.616550 0.044966 0.036398
1 0.827388 0.872370 0.054945 0.046144
3 0.284893 0.471815 0.044781 0.044781
1 0.146265 0.443037 0.080106 0.070846
1 0.268392 0.651989 0.059048 0.060135
4 0.330507 0.673818 0.105885 0.105885
4 0.305894 0.870139 0.061620 0.061620
1 0.248366 0.424787 0.048719 0.042188
0 0.365420 0.278093 0.040166 0.156068
1 0.560935 0.381261 0.043022 0.031181
1 0.781549 0.671933 0.048000 0.040524
2 0.555648 0.734313 0.050309 0.045466
4 0.103694 0.511582 0.076754 0.076754
3 0.853720 0.155792 0.069994 0.069994
0 0.100395 0.550661 0.050969 0.195911
1 0.606915 0.899210 0.032382 0.039986
