4 0.875299 0.723357 0.095404 0.095404
3 0.811471 0.148170 0.050972 0.050972
0 0.487290 0.247256 0.076556 0.014109
4 0.933495 0.548797 0.065306 0.065306
2 0.195829 0.303936 0.055901 0.044219
0 0.384046 0.880546 0.060072 0.086493
4 0.718293 0.872543 0.048944 0.048944
0 0.666268 0.541395 0.103332 0.104457
3 0.328391 0.246410 0.057377 0.057377
1 0.507950 0.753354 0.092924 0.060756
1 0.693021 0.398275 0.035680 0.035492
1 0.899243 0.847429 0.073180 0.065339
1 0.350361 0.470106 0.055982 0.046547
1 0.419227 0.206329 0.035498 0.029673
3 0.632785 0.722454 0.044414 0.044414
0 0.649816 0.553328 0.134513 0.082961
3 0.906631 0.157086 0.027793 0.027793
0 0.588002 0.794097 0.086995 0.129042
1 0.389717 0.502979 0.074195 0.071509
