0 0.374258 0.287429 0.144132 0.046044
2 0.627722 0.170894 0.067945 0.029064
3 0.074393 0.724282 0.055957 0.055957
0 0.409269 0.251682 0.080042 0.138871
0 0.579211 0.094419 0.034909 0.072054
3 0.363402 0.440542 0.031120 0.031120
1 0.665756 0.908666 0.048034 0.050642
1 0.606565 0.267594 0.065332 0.079058
1 0.579056 0.186341 0.085125 0.069875
1 0.519034 0.891322 0.022515 0.031008
3 0.328868 0.637523 0.061960 0.061960
1 0.507412 0.151588 0.057104 0.085895
0 0.357174 0.568052 0.143167 0.048483
2 0.090143 0.419935 0.054004 0.086002
0 0.693726 0.765167 0.107856 0.138434
0 0.495775 0.646679 0.071750 0.112294
0 0.602796 0.065053 0.226415 0.130107
0 0.904758 0.491639 0.027458 0.136629
0 0.907401 0.381273 0.179638 0.105476
