0 0.657100 0.609673 0.164802 0.090524
1 0.535535 0.676539 0.065318 0.080412
1 0.647337 0.843835 0.062795 0.061685
0 0.202376 0.852049 0.052874 0.234572
0 0.401816 0.397508 0.085295 0.161888
0 0.530675 0.220976 0.146690 0.054957
1 0.873993 0.070949 0.061095 0.065911
0 0.891564 0.585075 0.092469 0.028657
0 0.429431 0.835660 0.075348 0.040646
1 0.160133 0.343475 0.092303 0.085600
1 0.543531 0.148423 0.029557 0.029567
4 0.323210 0.069882 0.064262 0.064262
4 0.770080 0.219165 0.041497 0.041497
0 0.233206 0.208159 0.134223 0.046895
0 0.523901 0.271443 0.218067 0.127229
1 0.597289 0.112174 0.067402 0.065745
0 0.158501 0.615916 0.072887 0.199402
0 0.744794 0.058665 0.065082 0.038735
1 0.806993 0.703948 0.065091 0.065662
3 0.278942 0.128178 0.038031 0.038031
