4 0.709112 0.856997 0.067389 0.067389
0 0.117397 0.528329 0.122627 0.037209
3 0.366262 0.259076 0.048958 0.048958
0 0.656350 0.834579 0.117785 0.114391
3 0.503277 0.687068 0.034197 0.034197
0 0.427105 0.799522 0.146449 0.028136
2 0.780514 0.889390 0.030368 0.038398
0 0.782579 0.310053 0.083897 0.172827
0 0.934587 0.094277 0.106092 0.046801
4 0.521141 0.379979 0.047768 0.047768
0 0.822758 0.858569 0.051080 0.182325
0 0.109426 0.876975 0.090335 0.198940
1 0.719729 0.798351 0.035313 0.033366
3 0.220873 0.507885 0.062612 0.062612
