4 0.129829 0.206670 0.044036 0.044036
2 0.097040 0.367829 0.048152 0.063664
0 0.467716 0.340094 0.074004 0.118649
1 0.766094 0.699284 0.060944 0.047620
0 0.531855 0.454784 0.080986 0.060362
0 0.201445 0.804793 0.058332 0.107612
3 0.711337 0.426159 0.032591 0.032591
0 0.575872 0.131812 0.124460 0.024120
0 0.619732 0.295373 0.113892 0.037970
0 0.784359 0.801822 0.141132 0.028595
1 0.636007 0.841340 0.053731 0.054073
0 0.347587 0.829610 0.024327 0.073461
1 0.878283 0.513181 0.040325 0.038492
2 0.420441 0.863303 0.046770 0.038648
2 0.159773 0.182472 0.087282 0.076160
