4 0.366857 0.202988 0.086461 0.086461
2 0.128948 0.490311 0.049966 0.071064
4 0.358803 0.583091 0.072665 0.072665
1 0.489126 0.548799 0.056802 0.061265
0 0.621974 0.585217 0.055619 0.090451
3 0.559543 0.851234 0.044760 0.044760
1 0.344558 0.146011 0.061073 0.057828
2 0.139878 0.797904 0.047875 0.038902
1 0.600501 0.733819 0.047724 0.042116
2 0.264365 0.276450 0.039582 0.042348
1 0.796793 0.799599 0.047992 0.040397
1 0.676613 0.159969 0.060018 0.062778
0 0.900239 0.378050 0.104400 0.058956
4 0.724584 0.322745 0.070522 0.070522
