1 0.304989 0.133533 0.057012 0.043584
4 0.281095 0.264534 0.051720 0.051720
0 0.512685 0.378355 0.007887 0.064621
1 0.919115 0.502687 0.077583 0.063612
1 0.525229 0.543316 0.055152 0.079437
2 0.657017 0.337510 0.051050 0.044967
4 0.762592 0.747992 0.073306 0.073306
1 0.616633 0.504046 0.036657 0.046393
0 0.253885 0.119195 0.041036 0.084939
1 0.554655 0.444446 0.077380 0.057907
4 0.605676 0.452343 0.082228 0.082228
3 0.501365 0.295932 0.045835 0.045835
1 0.511359 0.321940 0.085493 0.072656
0 0.815154 0.905151 0.193172 0.090838
3 0.536749 0.640246 0.049126 0.049126
0 0.395239 0.774303 0.044278 0.065590
