1 0.432995 0.474870 0.042965 0.045821
1 0.104035 0.808165 0.085145 0.066860
4 0.649719 0.074294 0.080326 0.080326
1 0.510224 0.650592 0.047150 0.041477
1 0.312413 0.072622 0.042325 0.042189
2 0.357627 0.295208 0.056988 0.040618
0 0.652215 0.068305 0.116759 0.027094
0 0.609589 0.523707 0.019901 0.178778
3 0.519700 0.680147 0.068144 0.068144
0 0.508645 0.835587 0.066400 0.149010
0 0.727537 0.573299 0.183551 0.038728
0 0.181995 0.598938 0.083269 0.118834
4 0.803618 0.797864 0.062863 0.062863
0 0.135407 0.600054 0.096423 0.040541
1 0.077878 0.842709 0.085706 0.088046
1 0.879585 0.140153 0.034315 0.027805
1 0.168406 0.760934 0.076618 0.083415
0 0.754477 0.790579 0.072564 0.097029
4 0.098951 0.569625 0.046279 0.046279
1 0.249349 0.075566 0.059907 0.063218
1 0.831828 0.899468 0.037984 0.033720
