2 0.077787 0.356896 0.053164 0.075871
0 0.263980 0.062800 0.124942 0.019980
3 0.475130 0.296174 0.024447 0.024447
3 0.244202 0.760612 0.034202 0.034202
1 0.081222 0.753160 0.022249 0.026437
4 0.351880 0.640671 0.077047 0.077047
2 0.658067 0.659477 0.017568 0.038468
2 0.747422 0.845013 0.073447 0.049987
3 0.754097 0.305396 0.075943 0.075943
0 0.437758 0.134546 0.071036 0.127822
2 0.455164 0.763001 0.031884 0.076734
0 0.718686 0.697753 0.065763 0.064233
1 0.414338 0.700278 0.038016 0.038423
2 0.798204 0.088850 0.045957 0.024524
3 0.879636 0.216502 0.028531 0.028531
3 0.408097 0.448937 0.039884 0.039884
1 0.196705 0.153465 0.051870 0.058260
0 0.865810 0.720286 0.138134 0.144280
