1 0.374062 0.144031 0.062161 0.057464
1 0.345066 0.872032 0.067940 0.084660
1 0.298199 0.459150 0.047062 0.050089
3 0.919691 0.306277 0.037168 0.037168
0 0.561457 0.517402 0.110912 0.057530
1 0.884052 0.190817 0.058638 0.043336
2 0.554014 0.139461 0.026428 0.061007
4 0.402444 0.098052 0.056990 0.056990
1 0.192973 0.109873 0.026751 0.026618
0 0.834895 0.492200 0.191042 0.151142
4 0.256986 0.933778 0.045989 0.045989
0 0.176251 0.426845 0.227418 0.143694
0 0.495106 0.713265 0.022565 0.115735
0 0.941710 0.533531 0.053556 0.081403
4 0.508214 0.803891 0.077845 0.077845
0 0.352215 0.628068 0.180883 0.109121
2 0.756572 0.622073 0.027882 0.042981
3 0.776989 0.931343 0.027232 0.027232
2 0.133793 0.704270 0.044830 0.027198
