1 0.695258 0.754828 0.043184 0.056856
0 0.896688 0.803830 0.203499 0.032537
0 0.741741 0.162650 0.098660 0.095641
0 0.310725 0.917166 0.143469 0.011787
3 0.179686 0.113202 0.027101 0.027101
1 0.160006 0.322595 0.042494 0.042080
1 0.885926 0.099959 0.032487 0.026445
0 0.192536 0.468828 0.142401 0.090045
1 0.222122 0.560651 0.076131 0.062244
0 0.622158 0.596884 0.041884 0.057703
1 0.122454 0.314731 0.073333 0.083959
0 0.741496 0.567997 0.041639 0.168606
3 0.812230 0.896627 0.039313 0.039313
2 0.437682 0.567302 0.065613 0.044795
3 0.847594 0.902518 0.039651 0.039651
1 0.089890 0.764388 0.048291 0.062187
4 0.719119 0.282939 0.051646 0.051646
0 0.606790 0.303690 0.069384 0.167737
2 0.417347 0.172467 0.036942 0.042346
4 0.413648 0.471294 0.091977 0.091977
