1 0.414208 0.555806 0.040167 0.037393
1 0.583172 0.809534 0.019861 0.026967
1 0.141913 0.207498 0.026446 0.033938
1 0.358920 0.204536 0.053232 0.057680
1 0.420043 0.870777 0.077313 0.068799
3 0.223467 0.823027 0.029337 0.029337
0 0.180061 0.519410 0.097211 0.064862
0 0.594694 0.365458 0.124217 0.094377
1 0.529238 0.842492 0.082332 0.091506
0 0.633825 0.095666 0.121988 0.133639
1 0.436524 0.904137 0.045329 0.049733
0 0.473795 0.156088 0.144907 0.186603
0 0.150596 0.866600 0.137483 0.040230
2 0.754272 0.899054 0.073555 0.046169
1 0.869611 0.616741 0.053848 0.048932
0 0.382970 0.942611 0.192984 0.111653
1 0.553260 0.167291 0.037206 0.041238
