1 0.897475 0.421808 0.053140 0.058026
0 0.115266 0.315355 0.149549 0.060604
2 0.828525 0.129588 0.080453 0.069943
1 0.590612 0.898867 0.023895 0.024108
3 0.243811 0.180786 0.050030 0.050030
0 0.659506 0.653415 0.035528 0.232410
1 0.417385 0.332608 0.055960 0.054799
1 0.314278 0.862196 0.054398 0.064886
3 0.390415 0.430539 0.027386 0.027386
0 0.838845 0.641924 0.278459 0.038262
2 0.238716 0.922546 0.064991 0.051385
0 0.781040 0.771063 0.065319 0.126187
0 0.474223 0.434581 0.101479 0.025002
1 0.146924 0.409590 0.039442 0.038955
3 0.734879 0.205313 0.050329 0.050329
