0 0.243692 0.645277 0.238068 0.058840
0 0.422767 0.872402 0.136908 0.100455
1 0.677595 0.359368 0.054349 0.047986
0 0.743918 0.781177 0.065029 0.048423
0 0.729728 0.804125 0.068448 0.094445
2 0.617872 0.118793 0.040897 0.103651
1 0.448030 0.598525 0.057177 0.042287
0 0.922847 0.911435 0.047224 0.174004
0 0.877248 0.367318 0.062967 0.115346
4 0.549051 0.657879 0.075922 0.075922
0 0.481713 0.246781 0.106789 0.155052
0 0.867199 0.078217 0.027512 0.156435
0 0.373546 0.575200 0.218270 0.020331
1 0.143211 0.720497 0.052250 0.063250
4 0.275264 0.556426 0.059796 0.059796
2 0.118908 0.253503 0.051309 0.038655
2 0.160278 0.414203 0.035935 0.057057
4 0.754593 0.722320 0.071833 0.071833
0 0.459421 0.672308 0.059002 0.013393
0 0.155833 0.401749 0.115163 0.029572
1 0.773680 0.735232 0.049043 0.068008
1 0.350580 0.423025 0.069049 0.076962
