1 0.922247 0.369391 0.033516 0.027980
1 0.201046 0.467736 0.065883 0.070599
0 0.529219 0.666724 0.109933 0.036949
0 0.932569 0.258413 0.038053 0.243500
0 0.565988 0.307413 0.042180 0.062347
4 0.527722 0.582790 0.089334 0.089334
2 0.713917 0.267760 0.122144 0.073201
0 0.249532 0.711082 0.107738 0.030440
0 0.066610 0.464432 0.053186 0.061706
0 0.519030 0.841428 0.151412 0.134644
0 0.830663 0.534425 0.047556 0.194366
3 0.683067 0.159332 0.028497 0.028497
0 0.243003 0.482958 0.029914 0.124140
2 0.829426 0.510641 0.122081 0.060230
0 0.680721 0.773425 0.166870 0.013934
0 0.091962 0.942858 0.170897 0.061341
