1 0.598199 0.265675 0.040906 0.039168
0 0.545097 0.653711 0.066422 0.151708
3 0.347218 0.164993 0.039430 0.039430
4 0.428666 0.575625 0.115245 0.115245
4 0.447691 0.143186 0.062817 0.062817
1 0.516038 0.209224 0.029048 0.025556
0 0.467184 0.486805 0.188532 0.076222
0 0.305940 0.593278 0.090171 0.145714
4 0.186146 0.665780 0.109087 0.109087
0 0.263331 0.322113 0.054022 0.071340
2 0.851917 0.405641 0.058966 0.043359
0 0.923835 0.908661 0.106294 0.115889
0 0.895989 0.440195 0.104019 0.161001
0 0.177728 0.569969 0.127136 0.043827
0 0.662993 0.837434 0.092557 0.070780
1 0.940974 0.321684 0.064320 0.081128
1 0.498561 0.432327 0.031625 0.030951
0 0.770198 0.334067 0.038993 0.095019
1 0.436403 0.455628 0.029225 0.025731
2 0.191338 0.334318 0.049515 0.036248
3 0.115171 0.784556 0.041463 0.041463
