1 0.743330 0.616007 0.022244 0.022765
1 0.255611 0.525714 0.039545 0.037343
0 0.494848 0.860062 0.130547 0.038931
3 0.092478 0.504107 0.058147 0.058147
3 0.880817 0.385355 0.055040 0.055040
0 0.122531 0.680741 0.142897 0.050281
4 0.704802 0.661359 0.052488 0.052488
0 0.752631 0.550142 0.041589 0.045415
1 0.252463 0.427205 0.025622 0.027084
2 0.696263 0.808109 0.040075 0.070913
1 0.647227 0.364556 0.074611 0.083249
2 0.231069 0.141443 0.057885 0.054739
1 0.235317 0.384685 0.031930 0.040524
1 0.250544 0.829434 0.082388 0.085448
0 0.677760 0.744126 0.076676 0.108181
3 0.075218 0.412395 0.039199 0.039199
0 0.158668 0.074688 0.046064 0.115756
4 0.701561 0.226560 0.119192 0.119192
3 0.370355 0.332171 0.041615 0.041615
3 0.539133 0.572766 0.046472 0.046472
3 0.798094 0.911855 0.037927 0.037927
