3 0.637687 0.933500 0.041458 0.041458
0 0.255445 0.307162 0.158618 0.078341
0 0.909733 0.621118 0.177409 0.184102
0 0.067639 0.178174 0.062268 0.049299
3 0.176761 0.446543 0.055028 0.055028
2 0.098050 0.749383 0.042776 0.022750
0 0.830470 0.084899 0.169771 0.142325
1 0.303046 0.602543 0.028079 0.030969
1 0.190520 0.559659 0.057834 0.047039
1 0.392627 0.461480 0.032919 0.028207
1 0.487435 0.921616 0.069491 0.084815
0 0.243628 0.783008 0.111288 0.067270
0 0.683587 0.384481 0.048886 0.183810
2 0.683921 0.936903 0.085344 0.119888
3 0.224694 0.411713 0.043333 0.043333
