4 0.844025 0.307162 0.093516 0.093516
3 0.924191 0.678224 0.047586 0.047586
2 0.765569 0.153464 0.032807 0.076501
0 0.908070 0.552795 0.023559 0.076753
3 0.810519 0.711664 0.047153 0.047153
0 0.812069 0.692597 0.039923 0.216657
4 0.635972 0.908293 0.122693 0.122693
1 0.526709 0.498051 0.044249 0.034149
3 0.516296 0.505176 0.041792 0.041792
2 0.386384 0.520799 0.070492 0.029877
1 0.739074 0.699573 0.048148 0.050815
0 0.107370 0.196231 0.047380 0.068322
1 0.107996 0.590234 0.029989 0.028636
0 0.571363 0.438626 0.032458 0.141925
0 0.749610 0.216540 0.024825 0.055769
0 0.182696 0.580850 0.062413 0.047394
