1 0.687252 0.408546 0.061735 0.067461
4 0.880829 0.450710 0.092156 0.092156
1 0.084908 0.275471 0.054201 0.059983
3 0.242553 0.729514 0.049126 0.049126
3 0.476398 0.830444 0.066298 0.066298
0 0.255473 0.817388 0.218482 0.100709
1 0.252132 0.762866 0.089525 0.077145
3 0.570427 0.337664 0.052606 0.052606
2 0.241092 0.914665 0.050847 0.064702
1 0.910536 0.619582 0.072541 0.073723
1 0.811165 0.109252 0.075794 0.077699
1 0.561890 0.502184 0.050013 0.050015
0 0.489511 0.630037 0.101258 0.023471
0 0.181401 0.906369 0.064811 0.166076
0 0.138232 0.353777 0.053015 0.075016
0 0.207286 0.472263 0.110396 0.131712
0 0.343486 0.498979 0.181049 0.147385
1 0.223564 0.446480 0.045067 0.039419
1 0.378704 0.807351 0.060040 0.050309
0 0.493242 0.212922 0.155881 0.165476
2 0.827213 0.205035 0.070249 0.037809
0 0.927043 0.433991 0.095117 0.178092
