2 0.901473 0.467782 0.038471 0.057963
1 0.742741 0.364595 0.048912 0.049261
3 0.456635 0.724287 0.056649 0.056649
0 0.524666 0.937113 0.086018 0.049432
0 0.657886 0.467711 0.059955 0.108375
0 0.504349 0.251191 0.064047 0.079371
1 0.591272 0.182547 0.051358 0.060519
0 0.580538 0.109534 0.010984 0.071473
0 0.373548 0.370266 0.249034 0.037181
0 0.436634 0.344394 0.204606 0.153257
1 0.279948 0.644948 0.052688 0.043102
0 0.771527 0.359461 0.053600 0.068113
1 0.765896 0.336449 0.052577 0.047914
0 0.661716 0.200478 0.135119 0.024797
