3 0.632343 0.491334 0.065359 0.065359
2 0.194672 0.837362 0.048159 0.061650
0 0.125010 0.468038 0.090931 0.012093
3 0.662095 0.886192 0.030564 0.030564
0 0.320393 0.570541 0.059862 0.247003
1 0.906851 0.088458 0.071934 0.065397
1 0.323369 0.734642 0.035459 0.036729
2 0.801702 0.086679 0.039092 0.021392
0 0.774584 0.845216 0.147096 0.066219
3 0.660082 0.091716 0.058346 0.058346
3 0.608309 0.723171 0.049323 0.049323
1 0.180620 0.770503 0.039593 0.045235
0 0.117332 0.083974 0.149386 0.049846
1 0.220240 0.450595 0.034763 0.040083
1 0.636498 0.834389 0.049514 0.057790
4 0.465871 0.184700 0.096686 0.096686
0 0.515256 0.750878 0.044202 0.180495
3 0.180604 0.752469 0.032401 0.032401
1 0.207958 0.325345 0.045933 0.055043
2 0.828172 0.631979 0.069330 0.064014
