1 0.898273 0.247014 0.037318 0.047488
3 0.355033 0.345418 0.032022 0.032022
2 0.748823 0.611999 0.049452 0.057448
4 0.375287 0.404785 0.048483 0.048483
2 0.402142 0.569580 0.035379 0.046601
0 0.411916 0.835207 0.043880 0.142576
4 0.908331 0.229965 0.043975 0.043975
2 0.594124 0.698458 0.046494 0.093886
1 0.762583 0.581380 0.095511 0.091079
2 0.260844 0.536707 0.068194 0.058927
0 0.273296 0.783557 0.113389 0.177181
1 0.110265 0.065336 0.067044 0.069425
4 0.172090 0.124356 0.051995 0.051995
0 0.139119 0.123274 0.124892 0.143408
2 0.806225 0.348224 0.073939 0.048492
0 0.779570 0.524951 0.051965 0.065897
4 0.175366 0.500700 0.075316 0.075316
