0 0.571546 0.719435 0.099749 0.095720
0 0.743649 0.506907 0.120077 0.060792
0 0.817260 0.930243 0.077339 0.119919
0 0.600260 0.721544 0.128155 0.136849
4 0.155507 0.677813 0.048068 0.048068
1 0.881657 0.457113 0.034639 0.031488
0 0.078832 0.836246 0.128937 0.078107
4 0.089465 0.668986 0.077769 0.077769
1 0.926296 0.094902 0.053226 0.054901
1 0.812229 0.317655 0.060694 0.059776
1 0.605964 0.180504 0.028954 0.027173
0 0.236916 0.596774 0.123798 0.130062
0 0.576852 0.582159 0.113967 0.092497
1 0.644839 0.514172 0.054836 0.055259
1 0.373033 0.439965 0.059722 0.056312
1 0.355351 0.833876 0.050218 0.053592
3 0.532427 0.209341 0.039044 0.039044
0 0.804031 0.817351 0.061831 0.214056
1 0.728739 0.277608 0.072549 0.055281
4 0.853239 0.491010 0.062622 0.062622
0 0.599850 0.858415 0.149397 0.162438
0 0.271431 0.311002 0.113894 0.064438
