4 0.357476 0.118873 0.069379 0.069379
0 0.319792 0.495288 0.074227 0.047610
0 0.709723 0.455636 0.022890 0.077606
1 0.142433 0.271087 0.071609 0.075677
1 0.167074 0.778369 0.079849 0.077352
1 0.372090 0.837163 0.056338 0.077221
0 0.546024 0.511123 0.240798 0.126024
3 0.737449 0.834045 0.048131 0.048131
3 0.704708 0.536109 0.042651 0.042651
2 0.618858 0.479999 0.056321 0.034517
1 0.277101 0.736151 0.052112 0.059232
4 0.348157 0.417312 0.080599 0.080599
0 0.806264 0.486194 0.036155 0.106189
4 0.211753 0.452080 0.065640 0.065640
0 0.529949 0.114128 0.025232 0.228256
4 0.768125 0.224010 0.059467 0.059467
1 0.421032 0.635314 0.032072 0.040838
1 0.595629 0.535418 0.072171 0.074689
0 0.887479 0.741558 0.012967 0.070868
3 0.650525 0.752078 0.041536 0.041536
