0 0.111411 0.152929 0.026504 0.160013
1 0.587849 0.380053 0.058118 0.061802
0 0.685406 0.130326 0.165046 0.075626
1 0.434109 0.378032 0.036488 0.033623
0 0.677437 0.605198 0.098212 0.206309
2 0.452564 0.520450 0.080454 0.050593
3 0.142749 0.859192 0.069657 0.069657
1 0.270912 0.934143 0.024717 0.025887
4 0.595270 0.432848 0.072136 0.072136
1 0.094037 0.625907 0.055081 0.061489
1 0.442498 0.934481 0.030478 0.030623
1 0.511426 0.716535 0.022110 0.024482
0 0.284063 0.453279 0.031701 0.158233
1 0.141962 0.660912 0.048242 0.055095
3 0.120030 0.410890 0.050382 0.050382
0 0.916765 0.633056 0.161012 0.070432
4 0.441041 0.859373 0.041214 0.041214
0 0.118319 0.444887 0.063743 0.089570
2 0.511305 0.162034 0.050334 0.032983
1 0.802606 0.651184 0.024760 0.024860
0 0.910004 0.401292 0.115310 0.112312
0 0.178821 0.353690 0.020050 0.143384
