4 0.746728 0.347650 0.077523 0.077523
2 0.572960 0.502205 0.026710 0.045982
0 0.551072 0.900543 0.051781 0.102133
1 0.440024 0.066184 0.037082 0.027567
1 0.772262 0.677668 0.049107 0.039799
1 0.185394 0.339758 0.028287 0.027895
1 0.738482 0.498265 0.067015 0.058252
0 0.718132 0.669396 0.081021 0.191892
1 0.584746 0.210273 0.065689 0.062015
1 0.830274 0.140850 0.045778 0.043173
0 0.822318 0.758104 0.094960 0.215398
1 0.939433 0.431914 0.100222 0.095592
1 0.067791 0.664910 0.094686 0.082427
4 0.601567 0.449586 0.078741 0.078741
1 0.402484 0.622405 0.073908 0.073698
0 0.505732 0.362090 0.084374 0.186335
3 0.355635 0.438159 0.037696 0.037696
1 0.381598 0.499180 0.050801 0.033359
0 0.849984 0.334032 0.102826 0.164057
0 0.469252 0.314452 0.150912 0.023784
0 0.397729 0.893412 0.053778 0.210051
