1 0.740412 0.323710 0.060493 0.069107
1 0.217154 0.475564 0.032638 0.043055
4 0.426928 0.154573 0.098001 0.098001
0 0.262223 0.892250 0.053903 0.092270
1 0.240340 0.180654 0.047071 0.040285
1 0.326677 0.738193 0.039565 0.047541
0 0.804377 0.136636 0.107276 0.038734
1 0.928720 0.085014 0.063421 0.054111
0 0.305135 0.472919 0.183025 0.140917
3 0.539808 0.667436 0.022790 0.022790
0 0.129112 0.280591 0.057449 0.069249
2 0.096794 0.344816 0.073512 0.051577
0 0.114417 0.473293 0.115716 0.041199
0 0.487864 0.822796 0.221013 0.095352
4 0.777299 0.934314 0.064565 0.064565
4 0.470727 0.537453 0.071635 0.071635
1 0.116166 0.302232 0.066145 0.083723
0 0.066564 0.135745 0.133129 0.110360
0 0.090116 0.816939 0.124281 0.038941
1 0.867820 0.061788 0.059195 0.051640
1 0.855512 0.875360 0.037506 0.040201
0 0.254036 0.630578 0.201607 0.060492
