0 0.605241 0.723004 0.142037 0.090020
0 0.402652 0.927122 0.101977 0.142631
2 0.229214 0.660129 0.044194 0.086744
0 0.343972 0.086037 0.119234 0.135020
0 0.154295 0.319551 0.141246 0.116138
0 0.261199 0.684451 0.219151 0.047666
0 0.454775 0.135080 0.082430 0.079538
0 0.764838 0.538407 0.078251 0.216277
0 0.742379 0.663791 0.021415 0.121082
2 0.638034 0.515801 0.050993 0.062558
1 0.174918 0.674059 0.053478 0.058634
0 0.600642 0.916063 0.217257 0.089577
2 0.485874 0.299534 0.120353 0.076685
0 0.289872 0.371526 0.074947 0.056279
1 0.203589 0.725179 0.027314 0.028152
0 0.885467 0.682243 0.052070 0.094154
0 0.415593 0.500098 0.089539 0.063549
