0 0.805234 0.808086 0.083808 0.112750
4 0.555656 0.555220 0.080807 0.080807
0 0.587826 0.860042 0.136573 0.040111
4 0.209401 0.837155 0.064363 0.064363
1 0.848258 0.147376 0.058261 0.063440
0 0.790053 0.612534 0.040372 0.077712
1 0.843121 0.288487 0.050718 0.053482
2 0.879489 0.560127 0.054104 0.042094
1 0.543922 0.805708 0.081973 0.073216
0 0.638403 0.564175 0.041795 0.091826
2 0.100748 0.474370 0.057919 0.050110
1 0.180839 0.805617 0.029201 0.035619
1 0.361036 0.793588 0.059448 0.060034
1 0.589235 0.065488 0.062921 0.064077
2 0.479858 0.354516 0.035733 0.059067
2 0.613791 0.488220 0.080547 0.063491
4 0.124814 0.840748 0.093402 0.093402
0 0.392670 0.077117 0.097925 0.153454
