0 0.911175 0.502765 0.158117 0.024233
0 0.761812 0.079105 0.084807 0.021419
0 0.196108 0.834223 0.052356 0.179906
0 0.576305 0.135709 0.102108 0.071206
4 0.584909 0.214139 0.090184 0.090184
0 0.646813 0.474822 0.176579 0.059996
0 0.319400 0.485398 0.045572 0.067103
0 0.706073 0.498996 0.093965 0.125529
0 0.115884 0.212214 0.177736 0.067109
4 0.324933 0.485755 0.050041 0.050041
0 0.640244 0.559999 0.157117 0.127372
0 0.463497 0.637817 0.039918 0.230315
1 0.783874 0.122317 0.043550 0.055208
0 0.801902 0.119944 0.193258 0.059685
4 0.564557 0.237268 0.061202 0.061202
1 0.102378 0.537550 0.050803 0.058036
0 0.296918 0.360777 0.078649 0.085643
