2 0.305831 0.921875 0.101487 0.034183
2 0.583591 0.482611 0.074414 0.102876
1 0.412702 0.321098 0.057426 0.057853
1 0.117237 0.404200 0.046617 0.055973
0 0.484883 0.549548 0.038052 0.098418
1 0.272226 0.790850 0.028829 0.031824
1 0.580424 0.268654 0.041769 0.048074
2 0.900792 0.315297 0.058070 0.035322
3 0.797812 0.333397 0.041504 0.041504
2 0.844893 0.420951 0.043569 0.055223
0 0.295914 0.725167 0.144872 0.036238
1 0.560036 0.708556 0.088219 0.080885
3 0.763628 0.140114 0.049434 0.049434
0 0.591871 0.441834 0.055566 0.076131
0 0.934348 0.420483 0.081400 0.041712
1 0.583874 0.226848 0.042059 0.029109
0 0.910333 0.497609 0.043973 0.114062
0 0.298667 0.361197 0.065063 0.093753
