0 0.264188 0.374967 0.028750 0.087156
4 0.382728 0.253652 0.089517 0.089517
0 0.159577 0.526142 0.263692 0.071042
0 0.812008 0.855744 0.166623 0.065269
2 0.403346 0.351025 0.105338 0.058544
3 0.708098 0.311449 0.036843 0.036843
4 0.444445 0.315866 0.107275 0.107275
4 0.106897 0.539406 0.054420 0.054420
3 0.280388 0.896100 0.034985 0.034985
3 0.477906 0.404485 0.038741 0.038741
0 0.678338 0.630751 0.048814 0.049757
4 0.503350 0.129726 0.101105 0.101105
3 0.186202 0.389605 0.067999 0.067999
1 0.162730 0.566213 0.026894 0.028086
0 0.289951 0.381374 0.021107 0.125784
0 0.733760 0.177536 0.078722 0.033916
0 0.509612 0.063886 0.117212 0.087385
0 0.249231 0.396366 0.096746 0.036965
