1 0.292826 0.135865 0.041268 0.030218
2 0.796917 0.202726 0.081148 0.032927
0 0.938075 0.851684 0.092814 0.086062
3 0.247203 0.739359 0.042239 0.042239
3 0.081560 0.584382 0.036827 0.036827
1 0.277934 0.394351 0.028236 0.030128
1 0.930833 0.257771 0.035147 0.031626
4 0.812272 0.604455 0.069258 0.069258
4 0.229460 0.577803 0.088121 0.088121
0 0.402778 0.116049 0.096774 0.217257
3 0.212589 0.524801 0.043454 0.043454
4 0.822290 0.468557 0.078432 0.078432
1 0.618528 0.648883 0.027810 0.031822
1 0.173983 0.081575 0.032754 0.030392
0 0.391838 0.325295 0.169514 0.100591
0 0.619521 0.483404 0.041656 0.164992
0 0.112532 0.741957 0.164553 0.073260
3 0.894426 0.355113 0.071347 0.071347
2 0.823659 0.214076 0.112273 0.039187
1 0.593389 0.651530 0.033823 0.043739
1 0.851866 0.196529 0.066480 0.056372
