1 0.505203 0.510568 0.054492 0.060061
3 0.274422 0.563499 0.038856 0.038856
1 0.241503 0.503167 0.053272 0.058824
1 0.231536 0.279554 0.043112 0.038562
0 0.450340 0.290453 0.102001 0.030559
1 0.276296 0.649830 0.049780 0.068301
0 0.736606 0.623406 0.160247 0.034688
3 0.225523 0.717878 0.046581 0.046581
1 0.876271 0.353234 0.070342 0.059411
1 0.880526 0.069986 0.041443 0.048371
0 0.178332 0.196375 0.039465 0.190007
0 0.723206 0.825259 0.105768 0.033700
1 0.193627 0.350856 0.033151 0.024989
1 0.672592 0.536965 0.054522 0.058495
2 0.250182 0.064687 0.026051 0.048497
