1 0.323314 0.860215 0.044771 0.052235
3 0.812037 0.763752 0.051633 0.051633
0 0.307142 0.803160 0.071617 0.016794
1 0.526857 0.466277 0.060938 0.081725
1 0.884185 0.153156 0.043861 0.037367
1 0.810471 0.256122 0.100635 0.087189
1 0.083404 0.431324 0.025463 0.031957
1 0.110245 0.839086 0.051085 0.042053
1 0.387400 0.927013 0.066443 0.053628
0 0.807281 0.714010 0.196480 0.050656
3 0.748621 0.148505 0.065154 0.065154
4 0.402021 0.727872 0.066316 0.066316
0 0.619556 0.656782 0.083047 0.154408
1 0.709558 0.510075 0.059674 0.039889
