4 0.925745 0.446222 0.051044 0.051044
0 0.851952 0.130331 0.076375 0.125122
2 0.525917 0.593644 0.088532 0.100483
0 0.692853 0.786196 0.036237 0.141183
1 0.329970 0.066665 0.059741 0.067359
1 0.573466 0.761959 0.088649 0.067837
0 0.707205 0.468448 0.045390 0.143539
1 0.777230 0.334335 0.045814 0.052054
0 0.560353 0.532856 0.019099 0.094636
0 0.065157 0.121602 0.130315 0.052419
1 0.438119 0.658603 0.035632 0.032412
1 0.281393 0.526584 0.043021 0.042779
4 0.637139 0.349656 0.125265 0.125265
1 0.443937 0.554006 0.101676 0.094898
