4 0.592308 0.872090 0.084365 0.084365
3 0.561546 0.594203 0.045557 0.045557
2 0.365144 0.777633 0.036204 0.107263
0 0.295742 0.659246 0.080227 0.100323
1 0.676393 0.086285 0.077534 0.066669
2 0.550854 0.764217 0.067796 0.041858
0 0.730208 0.784032 0.104880 0.062059
3 0.649221 0.836498 0.052409 0.052409
1 0.623677 0.517931 0.073321 0.067449
3 0.272300 0.375494 0.044988 0.044988
0 0.318396 0.750548 0.170325 0.022167
0 0.503649 0.292894 0.038721 0.077522
0 0.621865 0.635323 0.020404 0.139570
1 0.621514 0.886922 0.028475 0.032767
0 0.133109 0.661984 0.082163 0.113616
2 0.537552 0.337335 0.035646 0.052570
0 0.695678 0.270446 0.147497 0.021303
