0 0.746563 0.500575 0.158185 0.012961
1 0.645599 0.788805 0.047705 0.047290
0 0.232913 0.081177 0.249218 0.068852
0 0.413178 0.117871 0.176628 0.093906
0 0.407026 0.538357 0.253575 0.082119
0 0.898749 0.752396 0.173061 0.027739
1 0.638180 0.167408 0.021536 0.024727
3 0.470864 0.761217 0.025940 0.025940
2 0.359852 0.259531 0.064517 0.093907
0 0.672182 0.286484 0.074328 0.200602
2 0.310166 0.319769 0.057702 0.053294
0 0.740842 0.162055 0.063009 0.087735
0 0.204400 0.826284 0.047408 0.094186
3 0.165044 0.856790 0.042196 0.042196
0 0.467340 0.294825 0.021539 0.125044
2 0.216664 0.612305 0.036928 0.054718
0 0.070809 0.472449 0.074239 0.127291
0 0.661739 0.271469 0.118085 0.075896
1 0.186209 0.420137 0.070738 0.065832
1 0.836436 0.192454 0.035474 0.041707
