3 0.287349 0.784104 0.055240 0.055240
4 0.185662 0.908188 0.104840 0.104840
4 0.811019 0.149435 0.085827 0.085827
1 0.159424 0.503594 0.040340 0.041058
3 0.632052 0.735342 0.040222 0.040222
3 0.411389 0.700911 0.034496 0.034496
4 0.121242 0.790300 0.041447 0.041447
0 0.873386 0.789690 0.055115 0.075448
1 0.121726 0.710980 0.041999 0.046264
1 0.650482 0.103789 0.059430 0.053011
3 0.099514 0.078899 0.072356 0.072356
2 0.422027 0.161208 0.029268 0.051376
0 0.592557 0.727596 0.020695 0.113331
1 0.922370 0.344991 0.059275 0.053317
