0 0.688071 0.897658 0.033338 0.103110
1 0.479230 0.206132 0.021420 0.027962
0 0.488888 0.203394 0.025438 0.093460
1 0.307449 0.459892 0.034409 0.028374
1 0.182475 0.834342 0.031622 0.027542
0 0.472092 0.741007 0.039203 0.094762
0 0.525757 0.756656 0.050672 0.145133
0 0.443408 0.054501 0.122168 0.033533
1 0.073975 0.237941 0.104933 0.074969
1 0.919934 0.550522 0.022115 0.024577
1 0.452122 0.194562 0.057654 0.057786
1 0.555983 0.203569 0.071385 0.076164
0 0.640977 0.666615 0.131486 0.037275
2 0.444635 0.089921 0.107147 0.054149
1 0.762177 0.520658 0.042899 0.050450
0 0.155581 0.661363 0.079111 0.110934
1 0.508293 0.545442 0.047570 0.064918
3 0.294110 0.365395 0.057826 0.057826
0 0.794451 0.794031 0.171748 0.134308
3 0.766320 0.474170 0.054443 0.054443
