2 0.211771 0.887660 0.042449 0.108686
1 0.824160 0.389809 0.053137 0.045067
4 0.673877 0.298510 0.070982 0.070982
0 0.225828 0.286874 0.191781 0.053124
3 0.317802 0.158509 0.053557 0.053557
0 0.820464 0.243348 0.107156 0.121073
0 0.311035 0.125446 0.114646 0.167586
0 0.514610 0.250566 0.090896 0.067575
4 0.396254 0.453956 0.090077 0.090077
1 0.147456 0.857594 0.038551 0.050996
1 0.399642 0.580713 0.039534 0.056525
1 0.728327 0.262984 0.090076 0.090289
0 0.669348 0.499017 0.137391 0.242619
0 0.607858 0.875374 0.044377 0.149457
1 0.369718 0.416446 0.060551 0.048672
2 0.232216 0.468465 0.073099 0.029134
1 0.183586 0.366162 0.042385 0.037892
1 0.420391 0.617878 0.072147 0.075259
1 0.316293 0.101961 0.047048 0.047585
