1 0.756383 0.553556 0.081607 0.065890
2 0.625700 0.744526 0.065987 0.059895
0 0.461186 0.258357 0.081519 0.240281
0 0.551029 0.097013 0.117824 0.051886
0 0.939170 0.078333 0.065035 0.114923
2 0.658370 0.655916 0.106794 0.084397
1 0.549959 0.657031 0.041126 0.039798
0 0.458772 0.088399 0.095030 0.054608
1 0.935537 0.184250 0.030615 0.031844
0 0.761646 0.275567 0.093082 0.095965
0 0.599150 0.577446 0.101224 0.131816
4 0.250899 0.746439 0.091606 0.091606
1 0.402016 0.747251 0.025151 0.025012
0 0.559613 0.665239 0.125343 0.068036
