2 0.590625 0.490625 0.08515625 0.04765625
2 0.359375 0.67734375 0.0796875 0.04921875
2 0.65390625 0.6828125 0.07578125 0.06328125
2 0.903125 0.75078125 0.065625 0.05
2 0.39140625 0.9484375 0.0671875 0.04921875
3 0.5359375 0.734375 0.053125 0.04140625
3 0.24453125 0.875 0.059375 0.04140625
3 0.815625 0.86953125 0.05703125 0.04609375
4 0.81953125 0.821875 0.02578125 0.0203125
4 0.409375 0.825 0.0265625 0.021875
1 0.2484375 0.7578125 0.1125 0.07421875
1 0.87578125 0.55390625 0.1859375 0.1734375
4 0.540625 0.615625 0.0296875 0.01796875
4 0.26640625 0.540625 0.02578125 0.02421875
4 0.74296875 0.440625 0.03046875 0.01953125
3 0.77734375 0.40078125 0.0671875 0.053125
3 0.31796875 0.55390625 0.0625 0.05078125
