2 0.44375 0.5234375 0.09296875 0.05625
2 0.81875 0.4734375 0.05859375 0.0640625
2 0.6515625 0.67890625 0.06015625 0.05703125
2 0.19921875 0.7328125 0.06015625 0.0390625
2 0.85234375 0.83984375 0.059375 0.05390625
3 0.49453125 0.778125 0.065625 0.05546875
3 0.2703125 0.7546875 0.08359375 0.0421875
4 0.49140625 0.646875 0.02890625 0.02421875
4 0.25703125 0.52109375 0.0265625 0.01875
3 0.35390625 0.4453125 0.06171875 0.0421875
3 0.903125 0.61953125 0.065625 0.0390625
3 0.94375 0.921875 0.06484375 0.0578125
1 0.6078125 0.41328125 0.1453125 0.184375
4 0.28515625 0.825 0.03203125 0.0234375
