2 0.1984375 0.7359375 0.05078125 0.05859375
2 0.43984375 0.52421875 0.0765625 0.04765625
2 0.6484375 0.675 0.05625 0.053125
2 0.81796875 0.47109375 0.06171875 0.05234375
3 0.49609375 0.77734375 0.04609375 0.046875
4 0.28125 0.82265625 0.0296875 0.02421875
4 0.48671875 0.6453125 0.0296875 0.02734375
3 0.3484375 0.446875 0.065625 0.053125
3 0.91171875 0.62109375 0.0640625 0.0390625
3 0.94375 0.928125 0.05390625 0.0578125
1 0.4765625 0.92890625 0.1359375 0.05390625
4 0.2578125 0.521875 0.0203125 0.0203125
1 0.603125 0.41015625 0.15859375 0.19375
