2 0.478125 0.51328125 0.0875 0.04140625
2 0.19296875 0.69609375 0.07890625 0.053125
2 0.6515625 0.6890625 0.07421875 0.05078125
2 0.825 0.52421875 0.0734375 0.03671875
1 0.29140625 0.88203125 0.128125 0.05703125
1 0.35546875 0.59375 0.1 0.09609375
1 0.690625 0.4359375 0.09375 0.1921875
1 0.6484375 0.790625 0.0546875 0.1140625
3 0.31171875 0.4390625 0.0609375 0.04765625
3 0.51328125 0.71328125 0.06796875 0.05234375
3 0.39296875 0.7984375 0.1015625 0.03984375
3 0.95234375 0.5375 0.05859375 0.04140625
3 0.81484375 0.93359375 0.05390625 0.03828125
4 0.46953125 0.90234375 0.02421875 0.0265625
4 0.56328125 0.621875 0.021875 0.01328125
4 0.24140625 0.66015625 0.03046875 0.01328125
4 0.5046875 0.42109375 0.02890625 0.0171875
