1 0.35625 0.58828125 0.11953125 0.10546875
1 0.69609375 0.4390625 0.1140625 0.21640625
1 0.83828125 0.671875 0.053125 0.125
1 0.65703125 0.80078125 0.0796875 0.13828125
1 0.2875 0.88515625 0.12421875 0.0625
3 0.38984375 0.8 0.0734375 0.04140625
3 0.5109375 0.71328125 0.0625 0.0453125
3 0.95234375 0.5453125 0.06953125 0.05078125
3 0.3140625 0.4421875 0.0765625 0.0515625
2 0.47421875 0.5125 0.06875 0.05546875
2 0.81328125 0.5234375 0.0640625 0.05859375
2 0.65390625 0.69375 0.0609375 0.046875
3 0.80859375 0.9328125 0.0859375 0.04140625
4 0.24375 0.65859375 0.028125 0.01640625
4 0.56328125 0.62421875 0.03515625 0.021875
4 0.4984375 0.42109375 0.03125 0.01953125
