3 0.49375 0.77890625 0.0765625 0.05078125
3 0.9078125 0.615625 0.05625 0.04765625
1 0.37734375 0.6546875 0.13203125 0.0828125
2 0.4328125 0.525 0.0796875 0.05078125
2 0.65 0.67890625 0.084375 0.05390625
2 0.81953125 0.46875 0.0734375 0.065625
1 0.6046875 0.4125 0.15859375 0.17265625
1 0.96484375 0.5796875 0.046875 0.13359375
1 0.7671875 0.75703125 0.05390625 0.1453125
1 0.4703125 0.94140625 0.165625 0.0546875
4 0.49375 0.646875 0.0375 0.01953125
4 0.25703125 0.52109375 0.03984375 0.01953125
4 0.28125 0.82265625 0.03046875 0.0203125
4 0.6765625 0.8953125 0.0328125 0.0171875
4 0.9875 0.790625 0.0203125 0.021875
3 0.9390625 0.92578125 0.05625 0.04609375
1 0.91953125 0.4921875 0.06953125 0.021875
