2 0.18046875 0.65703125 0.08515625 0.0546875
2 0.4859375 0.50859375 0.0890625 0.0625
2 0.640625 0.69765625 0.07265625 0.0390625
2 0.88203125 0.5265625 0.0703125 0.053125
3 0.3671875 0.43046875 0.07109375 0.053125
3 0.39453125 0.71484375 0.05859375 0.071875
3 0.26953125 0.921875 0.07734375 0.053125
3 0.584375 0.9453125 0.08828125 0.04375
3 0.9203125 0.73046875 0.05546875 0.05546875
1 0.3015625 0.56953125 0.303125 0.06953125
4 0.26015625 0.521875 0.03359375 0.01875
4 0.753125 0.51796875 0.021875 0.021875
4 0.4890625 0.63984375 0.02578125 0.0234375
4 0.27734375 0.821875 0.03515625 0.02265625
4 0.67734375 0.9015625 0.04140625 0.01953125
