2 0.19453125 0.73359375 0.0609375 0.0484375
2 0.65078125 0.6828125 0.0671875 0.05
2 0.8578125 0.84140625 0.0640625 0.0640625
3 0.4921875 0.7796875 0.0640625 0.05
3 0.26328125 0.7640625 0.08046875 0.04375
4 0.28203125 0.82265625 0.03125 0.01484375
4 0.25546875 0.51796875 0.02265625 0.01171875
1 0.4703125 0.940625 0.14140625 0.04453125
1 0.7640625 0.75703125 0.04140625 0.13671875
3 0.94609375 0.9359375 0.0609375 0.04765625
3 0.9046875 0.61875 0.06796875 0.034375
2 0.81640625 0.4671875 0.08046875 0.06171875
2 0.43828125 0.5234375 0.0921875 0.0421875
3 0.34765625 0.446875 0.071875 0.0546875
1 0.61015625 0.41875 0.1578125 0.19765625
