1 0.37890625 0.65078125 0.140625 0.075
1 0.76796875 0.7546875 0.0671875 0.1328125
1 0.47109375 0.93984375 0.11875 0.0515625
1 0.6109375 0.40234375 0.14609375 0.17265625
2 0.81875 0.46875 0.06015625 0.05
2 0.65234375 0.675 0.05546875 0.046875
4 0.2609375 0.51875 0.03046875 0.01875
4 0.4984375 0.64609375 0.03984375 0.01640625
4 0.75234375 0.521875 0.03125 0.02265625
4 0.28828125 0.8234375 0.03515625 0.021875
4 0.67734375 0.8953125 0.03125 0.01953125
3 0.95078125 0.92421875 0.06328125 0.04375
3 0.90859375 0.6203125 0.059375 0.034375
