1 0.46640625 0.55390625 0.0640625 0.12265625
1 0.87578125 0.5546875 0.18125 0.16640625
1 0.2515625 0.75234375 0.10390625 0.0671875
1 0.58671875 0.83671875 0.14375 0.09140625
2 0.6671875 0.6859375 0.05546875 0.05078125
2 0.35703125 0.6796875 0.06640625 0.04765625
2 0.57890625 0.4859375 0.07265625 0.04296875
2 0.90546875 0.75625 0.0734375 0.046875
2 0.390625 0.9453125 0.05546875 0.03984375
3 0.24453125 0.87734375 0.0734375 0.04140625
3 0.80546875 0.8703125 0.065625 0.0390625
4 0.74765625 0.44296875 0.0359375 0.02109375
4 0.26171875 0.53984375 0.0375 0.0171875
4 0.54375 0.615625 0.028125 0.01875
4 0.4046875 0.82109375 0.0375 0.0265625
4 0.81796875 0.82109375 0.02265625 0.02578125
