2 0.5984375 0.49375 0.06953125 0.04765625
2 0.66953125 0.68671875 0.065625 0.04140625
1 0.2484375 0.75859375 0.1140625 0.07734375
1 0.828125 0.79609375 0.10546875 0.09453125
1 0.878125 0.54765625 0.20078125 0.1609375
1 0.46484375 0.55078125 0.0546875 0.11484375
1 0.58671875 0.8390625 0.12421875 0.07734375
4 0.4109375 0.8265625 0.02890625 0.01953125
3 0.24921875 0.87578125 0.0765625 0.0421875
3 0.8125 0.87421875 0.0515625 0.03671875
3 0.78984375 0.39765625 0.05234375 0.0328125
4 0.271875 0.53828125 0.025 0.01953125
