1 0.3734375 0.6515625 0.1453125 0.08046875
1 0.7671875 0.75703125 0.04140625 0.13671875
1 0.9640625 0.58515625 0.0421875 0.1296875
1 0.6015625 0.4125 0.16640625 0.1890625
1 0.471875 0.9390625 0.13359375 0.05625
4 0.675 0.896875 0.02734375 0.01640625
4 0.28125 0.82109375 0.02421875 0.01953125
4 0.4921875 0.646875 0.0203125 0.02265625
4 0.25625 0.51953125 0.0359375 0.0171875
4 0.75703125 0.51953125 0.0265625 0.0171875
2 0.65859375 0.67734375 0.04609375 0.05234375
3 0.903125 0.6203125 0.05390625 0.03671875
