2 0.18828125 0.696875 0.065625 0.0640625
2 0.46953125 0.5140625 0.075 0.046875
2 0.82109375 0.52578125 0.0625 0.05078125
2 0.65 0.69453125 0.0703125 0.04765625
1 0.28671875 0.88046875 0.1421875 0.04921875
1 0.65078125 0.7953125 0.084375 0.128125
1 0.6921875 0.44375 0.11953125 0.20859375
4 0.49765625 0.4203125 0.0265625 0.02421875
4 0.5625 0.62109375 0.03125 0.01640625
4 0.23984375 0.6609375 0.0234375 0.01875
3 0.51171875 0.71875 0.06171875 0.05546875
3 0.81484375 0.93515625 0.0625 0.04453125
3 0.94453125 0.5421875 0.059375 0.046875
4 0.46953125 0.90078125 0.02421875 0.02109375
