2 0.59375 0.490625 0.07578125 0.046875
2 0.35546875 0.6828125 0.065625 0.040625
2 0.90546875 0.765625 0.059375 0.0625
2 0.6703125 0.696875 0.065625 0.053125
3 0.528125 0.728125 0.06484375 0.0453125
3 0.81484375 0.87265625 0.0578125 0.04453125
3 0.240625 0.871875 0.06484375 0.0484375
2 0.3953125 0.9515625 0.06015625 0.0453125
1 0.87421875 0.55 0.20859375 0.16484375
3 0.78828125 0.4 0.07734375 0.03515625
4 0.5453125 0.61484375 0.01796875 0.01796875
4 0.26796875 0.540625 0.0203125 0.01640625
4 0.74453125 0.440625 0.02734375 0.01953125
4 0.4125 0.82734375 0.02734375 0.02421875
4 0.81640625 0.81796875 0.02734375 0.02109375
