1 0.6078125 0.41328125 0.1671875 0.18359375
1 0.3671875 0.646875 0.159375 0.0828125
1 0.765625 0.74921875 0.0515625 0.153125
1 0.96171875 0.57421875 0.0484375 0.12890625
1 0.475 0.9359375 0.13984375 0.06171875
3 0.26484375 0.75625 0.08671875 0.04296875
4 0.9421875 0.9265625 0.08046875 0.046875
3 0.49609375 0.77265625 0.10078125 0.0625
3 0.9046875 0.61875 0.0640625 0.04375
3 0.34765625 0.44375 0.06953125 0.0640625
2 0.83515625 0.475 0.065625 0.05078125
2 0.44140625 0.51640625 0.09453125 0.05703125
2 0.65625 0.678125 0.09140625 0.05625
2 0.1953125 0.73046875 0.06953125 0.05703125
2 0.85859375 0.840625 0.0734375 0.0578125
4 0.2578125 0.52109375 0.025 0.02265625
4 0.48984375 0.6453125 0.025 0.02578125
4 0.75703125 0.51875 0.03828125 0.01953125
4 0.678125 0.89921875 0.03515625 0.02734375
