1 0.36484375 0.58984375 0.1171875 0.10234375
1 0.28671875 0.88671875 0.13203125 0.05859375
1 0.65625 0.79453125 0.078125 0.125
1 0.83671875 0.66953125 0.03828125 0.1125
1 0.69375 0.43359375 0.0890625 0.196875
2 0.65 0.69140625 0.06328125 0.04140625
2 0.82734375 0.52265625 0.05625 0.04921875
3 0.95703125 0.5421875 0.059375 0.0265625
3 0.38671875 0.796875 0.0734375 0.028125
3 0.5078125 0.71484375 0.05 0.04296875
3 0.8140625 0.93515625 0.05390625 0.04765625
3 0.3109375 0.44296875 0.05234375 0.0484375
4 0.4984375 0.4203125 0.02265625 0.01796875
4 0.2359375 0.6578125 0.0265625 0.01640625
