1 0.4703125 0.55546875 0.0453125 0.11796875
1 0.87421875 0.54921875 0.20234375 0.1640625
1 0.25703125 0.76015625 0.14296875 0.0796875
2 0.3609375 0.678125 0.08671875 0.0453125
2 0.67265625 0.69296875 0.07734375 0.05234375
2 0.5890625 0.4921875 0.0859375 0.05234375
3 0.796875 0.3953125 0.09140625 0.05
3 0.815625 0.87265625 0.06328125 0.034375
3 0.24765625 0.8765625 0.04609375 0.03828125
1 0.58203125 0.84296875 0.1625 0.09453125
1 0.825 0.8015625 0.1109375 0.0921875
4 0.4140625 0.82734375 0.03046875 0.0234375
4 0.54296875 0.61484375 0.0265625 0.0203125
