2 0.19453125 0.725 0.0734375 0.05703125
2 0.6453125 0.67421875 0.059375 0.046875
2 0.4390625 0.53203125 0.05703125 0.0375
2 0.82265625 0.46640625 0.059375 0.04765625
3 0.89453125 0.62421875 0.04140625 0.0421875
3 0.49140625 0.7703125 0.0671875 0.05390625
3 0.95078125 0.93046875 0.04296875 0.0390625
1 0.47890625 0.93984375 0.1328125 0.04140625
4 0.2796875 0.821875 0.0296875 0.02109375
4 0.26015625 0.51953125 0.03359375 0.02109375
3 0.3421875 0.4453125 0.0578125 0.06015625
1 0.61484375 0.41484375 0.15078125 0.184375
