1 0.37421875 0.65078125 0.134375 0.07109375
1 0.76171875 0.75390625 0.028125 0.13671875
1 0.96328125 0.58046875 0.03515625 0.1078125
4 0.59765625 0.4171875 0.12734375 0.19921875
1 0.47734375 0.93828125 0.11953125 0.04296875
2 0.19765625 0.72890625 0.07734375 0.040625
2 0.43828125 0.51875 0.07265625 0.040625
2 0.646875 0.68125 0.065625 0.04609375
2 0.8125 0.4703125 0.0515625 0.05234375
3 0.3453125 0.44296875 0.06015625 0.0421875
3 0.903125 0.6171875 0.05703125 0.03359375
3 0.94375 0.9203125 0.06953125 0.046875
3 0.4953125 0.77734375 0.0484375 0.05234375
4 0.49453125 0.6453125 0.02578125 0.021875
4 0.2578125 0.521875 0.02265625 0.01484375
4 0.27890625 0.81953125 0.02578125 0.01796875
4 0.68125 0.9 0.03046875 0.01640625
4 0.75390625 0.5171875 0.02890625 0.01875
