3 0.265625 0.75625 0.06640625 0.03671875
3 0.4921875 0.7734375 0.0609375 0.0484375
3 0.95 0.9234375 0.06953125 0.05625
1 0.46953125 0.9328125 0.1328125 0.06171875
1 0.759375 0.746875 0.04921875 0.14609375
1 0.6015625 0.40859375 0.15625 0.18203125
2 0.1953125 0.7265625 0.0546875 0.0484375
2 0.65234375 0.67109375 0.0421875 0.04609375
2 0.43515625 0.51640625 0.06328125 0.040625
2 0.815625 0.4703125 0.05859375 0.05078125
2 0.8578125 0.84921875 0.0515625 0.0625
3 0.903125 0.61953125 0.04140625 0.03046875
3 0.34765625 0.43984375 0.040625 0.04453125
4 0.28515625 0.82265625 0.021875 0.02109375
