1 0.34921875 0.58671875 0.09453125 0.103125
1 0.2578125 0.87265625 0.15625 0.06171875
1 0.67265625 0.790625 0.07265625 0.125
1 0.70390625 0.425 0.1109375 0.18359375
2 0.47734375 0.5171875 0.09453125 0.05
2 0.840625 0.53125 0.08125 0.04609375
2 0.65234375 0.69453125 0.07109375 0.04609375
3 0.5109375 0.7125 0.0703125 0.04921875
3 0.3140625 0.43515625 0.04140625 0.0328125
3 0.94765625 0.54609375 0.04140625 0.03515625
3 0.81015625 0.9375 0.0515625 0.05
4 0.56328125 0.62109375 0.02109375 0.02421875
4 0.5 0.41328125 0.0234375 0.01875
4 0.24453125 0.65859375 0.02734375 0.0171875
