2 0.47265625 0.5140625 0.08203125 0.059375
2 0.19140625 0.696875 0.0609375 0.046875
2 0.65390625 0.69375 0.0796875 0.0515625
1 0.28203125 0.8828125 0.1328125 0.05546875
1 0.6953125 0.43671875 0.09921875 0.19453125
4 0.50234375 0.42265625 0.02265625 0.0171875
4 0.5640625 0.6296875 0.0203125 0.03671875
4 0.24296875 0.66171875 0.03125 0.01953125
4 0.46640625 0.8984375 0.03671875 0.02109375
3 0.815625 0.93515625 0.059375 0.04296875
3 0.95625 0.534375 0.075 0.0328125
2 0.825 0.52734375 0.07578125 0.06328125
3 0.51171875 0.715625 0.0796875 0.03984375
