2 0.4703125 0.5125 0.0859375 0.0640625
2 0.18984375 0.69453125 0.071875 0.05390625
2 0.65234375 0.6859375 0.0625 0.0546875
2 0.82578125 0.52734375 0.0671875 0.06015625
1 0.28828125 0.8796875 0.1546875 0.05390625
1 0.3578125 0.58359375 0.10625 0.1078125
1 0.6640625 0.790625 0.08828125 0.1328125
1 0.69375 0.4359375 0.08671875 0.2046875
4 0.49921875 0.4203125 0.0328125 0.02421875
4 0.559375 0.6234375 0.0390625 0.021875
4 0.240625 0.659375 0.04375 0.01328125
3 0.9546875 0.540625 0.06484375 0.0515625
3 0.82109375 0.93671875 0.1078125 0.0375
4 0.46640625 0.8953125 0.03515625 0.02265625
