1 0.37421875 0.64765625 0.1359375 0.0703125
1 0.46640625 0.9375 0.14296875 0.046875
1 0.7671875 0.753125 0.05703125 0.1375
1 0.60390625 0.41328125 0.1375 0.18046875
2 0.81640625 0.4640625 0.0625 0.05078125
2 0.65 0.678125 0.065625 0.04453125
3 0.9484375 0.92421875 0.0515625 0.04140625
3 0.91328125 0.61171875 0.06484375 0.034375
4 0.48828125 0.646875 0.02421875 0.01953125
4 0.6734375 0.89375 0.03671875 0.02109375
4 0.259375 0.5203125 0.02890625 0.0234375
4 0.2796875 0.82265625 0.02109375 0.02109375
