1 0.31015625 0.571875 0.27578125 0.08359375
3 0.39921875 0.70703125 0.046875 0.05234375
3 0.27109375 0.91953125 0.07890625 0.05078125
3 0.91796875 0.7328125 0.0609375 0.05234375
3 0.3671875 0.4375 0.0546875 0.0453125
4 0.25703125 0.51953125 0.03671875 0.015625
4 0.7546875 0.51953125 0.03203125 0.02421875
4 0.49453125 0.64609375 0.02734375 0.028125
4 0.2828125 0.82421875 0.03125 0.02890625
4 0.67890625 0.89453125 0.0296875 0.02109375
2 0.63359375 0.69296875 0.075 0.04140625
2 0.48671875 0.49921875 0.06953125 0.0375
2 0.8734375 0.5234375 0.053125 0.05546875
