2 0.43515625 0.51796875 0.06640625 0.04453125
2 0.8234375 0.471875 0.07734375 0.0546875
2 0.64921875 0.67578125 0.0515625 0.0453125
3 0.50390625 0.7765625 0.05546875 0.04765625
3 0.93671875 0.92578125 0.046875 0.05390625
4 0.4875 0.64453125 0.02109375 0.015625
4 0.74609375 0.51796875 0.03671875 0.0171875
3 0.90234375 0.61640625 0.059375 0.03359375
1 0.4734375 0.93515625 0.15703125 0.04453125
4 0.678125 0.9 0.0296875 0.01875
1 0.6078125 0.409375 0.15546875 0.1796875
4 0.25625 0.521875 0.0359375 0.0265625
