3 0.39296875 0.80390625 0.0734375 0.04375
3 0.52109375 0.7140625 0.06953125 0.04453125
3 0.8078125 0.94296875 0.0578125 0.05859375
3 0.95 0.5453125 0.0546875 0.0375
3 0.31171875 0.43828125 0.0515625 0.03359375
2 0.475 0.51796875 0.07578125 0.0421875
2 0.82578125 0.525 0.06640625 0.05546875
2 0.646875 0.6953125 0.05 0.04375
1 0.28828125 0.8828125 0.14375 0.04375
1 0.65625 0.79296875 0.0765625 0.1171875
1 0.3578125 0.58671875 0.08984375 0.10546875
1 0.68984375 0.44140625 0.08515625 0.19921875
4 0.50546875 0.4171875 0.02421875 0.02265625
4 0.56171875 0.62890625 0.02265625 0.01796875
4 0.25078125 0.65859375 0.0296875 0.0234375
