1 0.4609375 0.55859375 0.0546875 0.11875
1 0.87265625 0.55 0.22265625 0.159375
1 0.2515625 0.753125 0.11875 0.07109375
3 0.24453125 0.87109375 0.065625 0.03828125
3 0.5359375 0.72890625 0.0765625 0.0453125
2 0.65859375 0.690625 0.059375 0.05546875
2 0.5875 0.48828125 0.0703125 0.0546875
3 0.81015625 0.86796875 0.0796875 0.04453125
1 0.5828125 0.84140625 0.16171875 0.0921875
4 0.41171875 0.8234375 0.028125 0.0171875
4 0.26953125 0.540625 0.02421875 0.015625
3 0.78984375 0.39609375 0.05703125 0.05625
