2 0.19609375 0.73046875 0.05390625 0.05390625
2 0.440625 0.5203125 0.07734375 0.0421875
2 0.81875 0.46953125 0.06015625 0.06171875
2 0.6484375 0.675 0.0671875 0.05703125
3 0.49453125 0.77578125 0.0640625 0.0453125
3 0.90234375 0.61875 0.06875 0.04609375
3 0.94140625 0.92421875 0.06484375 0.04765625
1 0.77265625 0.7609375 0.05703125 0.14140625
1 0.4796875 0.9375 0.146875 0.046875
1 0.60859375 0.41953125 0.16640625 0.2
3 0.35 0.44609375 0.08125 0.04921875
4 0.2546875 0.521875 0.034375 0.02109375
4 0.49453125 0.65 0.03515625 0.02421875
4 0.27734375 0.81953125 0.03359375 0.03828125
