2 0.5921875 0.49453125 0.0515625 0.05625
2 0.359375 0.68125 0.06953125 0.046875
2 0.665625 0.6921875 0.0578125 0.05234375
2 0.81015625 0.8671875 0.0703125 0.05390625
2 0.40390625 0.9484375 0.0578125 0.04921875
3 0.2515625 0.878125 0.06015625 0.04140625
4 0.409375 0.8234375 0.03515625 0.0296875
4 0.54140625 0.6171875 0.03203125 0.01953125
4 0.2609375 0.54296875 0.0265625 0.01796875
4 0.815625 0.8203125 0.02734375 0.01953125
4 0.74375 0.4421875 0.03203125 0.01640625
1 0.87734375 0.53828125 0.19453125 0.134375
