1 0.37265625 0.64921875 0.13125 0.0671875
1 0.75703125 0.75390625 0.046875 0.134375
1 0.9625 0.58203125 0.0359375 0.12109375
1 0.60546875 0.41640625 0.14765625 0.19375
1 0.47578125 0.9375 0.134375 0.04453125
2 0.1953125 0.73359375 0.08125 0.05703125
2 0.6453125 0.67734375 0.06484375 0.0484375
2 0.4359375 0.525 0.0609375 0.05
2 0.821875 0.4703125 0.07109375 0.04921875
3 0.34921875 0.44453125 0.05703125 0.046875
3 0.90390625 0.61875 0.06484375 0.03359375
3 0.496875 0.77890625 0.05546875 0.05078125
3 0.94453125 0.925 0.0609375 0.0515625
4 0.67890625 0.8953125 0.03046875 0.021875
4 0.49140625 0.6453125 0.025 0.01953125
4 0.253125 0.51953125 0.02265625 0.01640625
