1 0.46796875 0.55546875 0.0453125 0.115625
1 0.87578125 0.55390625 0.1984375 0.16796875
2 0.35390625 0.678125 0.0671875 0.03828125
2 0.6640625 0.68828125 0.06640625 0.04140625
2 0.5984375 0.4953125 0.059375 0.05546875
4 0.271875 0.53984375 0.02734375 0.021875
4 0.54609375 0.61484375 0.02421875 0.02265625
4 0.415625 0.83046875 0.02734375 0.02421875
4 0.81875 0.82265625 0.025 0.01875
1 0.57109375 0.83984375 0.1640625 0.084375
3 0.2453125 0.871875 0.05546875 0.03671875
2 0.39609375 0.95078125 0.06484375 0.0421875
