3 0.36875 0.4375 0.071875 0.05703125
3 0.3953125 0.70546875 0.071875 0.0546875
3 0.2671875 0.91796875 0.10078125 0.0390625
3 0.59609375 0.95 0.06015625 0.0296875
3 0.92265625 0.73046875 0.053125 0.034375
2 0.74921875 0.809375 0.07265625 0.05078125
2 0.63359375 0.6921875 0.08828125 0.04375
2 0.4953125 0.50859375 0.084375 0.0625
2 0.878125 0.5203125 0.05859375 0.06015625
2 0.17734375 0.66796875 0.0703125 0.05859375
1 0.32109375 0.57421875 0.31953125 0.078125
4 0.4890625 0.64765625 0.01875 0.0140625
4 0.26015625 0.51640625 0.0375 0.01796875
4 0.75546875 0.52265625 0.03515625 0.01796875
4 0.67578125 0.9 0.03515625 0.03203125
4 0.27578125 0.81953125 0.03515625 0.028125
