1 0.47109375 0.94375 0.13671875 0.05625
1 0.603125 0.41015625 0.13671875 0.18359375
3 0.35078125 0.4421875 0.05546875 0.03984375
3 0.9 0.6140625 0.06328125 0.03984375
3 0.49765625 0.775 0.0484375 0.046875
3 0.26640625 0.76171875 0.075 0.04609375
2 0.43671875 0.515625 0.075 0.05078125
2 0.20234375 0.73046875 0.046875 0.05234375
2 0.6625 0.68203125 0.04375 0.0265625
2 0.81796875 0.46640625 0.06953125 0.05390625
2 0.85234375 0.84140625 0.0671875 0.06015625
1 0.7640625 0.75390625 0.0609375 0.128125
4 0.675 0.89765625 0.02421875 0.01953125
4 0.490625 0.65078125 0.0265625 0.02109375
4 0.25625 0.51796875 0.02421875 0.021875
4 0.75078125 0.51875 0.02109375 0.0203125
4 0.27890625 0.82109375 0.01015625 0.009375
3 0.9453125 0.9265625 0.0484375 0.0453125
