2 0.19921875 0.73515625 0.06484375 0.05
2 0.653125 0.68359375 0.0828125 0.05546875
2 0.853125 0.84765625 0.08046875 0.05390625
2 0.4390625 0.51953125 0.08359375 0.04921875
2 0.8171875 0.4703125 0.0734375 0.05390625
3 0.26640625 0.76171875 0.07734375 0.04296875
3 0.49765625 0.78203125 0.0625 0.0515625
3 0.34921875 0.446875 0.06328125 0.059375
3 0.9125 0.62109375 0.08046875 0.03515625
3 0.94140625 0.9234375 0.046875 0.046875
4 0.67578125 0.89609375 0.021875 0.01484375
4 0.49375 0.6484375 0.028125 0.0203125
4 0.25703125 0.52109375 0.03046875 0.0203125
4 0.75625 0.521875 0.028125 0.01875
1 0.60703125 0.415625 0.165625 0.19296875
4 0.27890625 0.821875 0.02890625 0.0203125
