1 0.37421875 0.653125 0.1421875 0.075
1 0.765625 0.75078125 0.0734375 0.14921875
1 0.9640625 0.58203125 0.04375 0.1171875
1 0.47421875 0.93984375 0.16015625 0.04140625
1 0.60546875 0.41328125 0.15703125 0.1921875
2 0.43203125 0.51953125 0.08203125 0.05390625
2 0.8140625 0.46875 0.075 0.05625
2 0.646875 0.67265625 0.07578125 0.059375
3 0.4953125 0.77890625 0.0578125 0.06484375
3 0.93828125 0.92421875 0.05546875 0.0625
4 0.6734375 0.89453125 0.03984375 0.025
4 0.49375 0.6515625 0.03515625 0.03046875
4 0.2546875 0.521875 0.034375 0.0234375
4 0.75234375 0.52265625 0.03359375 0.03046875
3 0.89609375 0.61328125 0.0734375 0.04453125
