2 0.4453125 0.521875 0.07421875 0.04375
2 0.203125 0.7359375 0.08515625 0.06015625
2 0.6484375 0.675 0.05234375 0.059375
2 0.8171875 0.46953125 0.0578125 0.053125
3 0.5046875 0.7828125 0.0625 0.04609375
3 0.940625 0.9203125 0.06015625 0.05
3 0.91015625 0.61796875 0.07109375 0.0328125
3 0.3515625 0.446875 0.0578125 0.046875
4 0.259375 0.5234375 0.0203125 0.0171875
4 0.4921875 0.64296875 0.015625 0.02109375
4 0.75390625 0.51953125 0.02265625 0.01875
4 0.675 0.8984375 0.02734375 0.02734375
1 0.59609375 0.41875 0.15234375 0.19921875
