1 0.71015625 0.44140625 0.1296875 0.20625
4 0.49765625 0.4203125 0.02734375 0.0171875
3 0.30859375 0.43828125 0.075 0.04140625
3 0.95234375 0.5390625 0.0625 0.0453125
3 0.50859375 0.71484375 0.0609375 0.03828125
2 0.471875 0.51484375 0.06796875 0.0390625
2 0.828125 0.52734375 0.059375 0.0515625
2 0.6484375 0.690625 0.07109375 0.04296875
3 0.39140625 0.79453125 0.078125 0.04140625
4 0.2328125 0.65546875 0.0234375 0.015625
4 0.5609375 0.62421875 0.0265625 0.0171875
3 0.81171875 0.93203125 0.059375 0.04609375
