2 0.18828125 0.69921875 0.08359375 0.0546875
2 0.64765625 0.6953125 0.08125 0.04453125
2 0.475 0.51796875 0.08046875 0.053125
2 0.82421875 0.52890625 0.06015625 0.05859375
2 0.72734375 0.86640625 0.05546875 0.05
1 0.284375 0.8828125 0.12734375 0.05234375
1 0.6515625 0.796875 0.0734375 0.1296875
1 0.69765625 0.4390625 0.103125 0.19765625
4 0.49921875 0.41953125 0.02578125 0.01640625
4 0.5609375 0.6265625 0.028125 0.01796875
4 0.240625 0.66015625 0.02578125 0.0203125
4 0.46796875 0.89921875 0.03125 0.02265625
3 0.95390625 0.54375 0.06953125 0.04453125
3 0.8140625 0.94140625 0.06328125 0.0546875
3 0.51171875 0.715625 0.06015625 0.04921875
4 0.87578125 0.65 0.021875 0.01875
