1 0.359375 0.58984375 0.10078125 0.10078125
1 0.69609375 0.43359375 0.11328125 0.19375
1 0.8390625 0.67265625 0.03984375 0.1171875
1 0.65703125 0.79140625 0.0734375 0.12265625
1 0.290625 0.88125 0.1421875 0.0515625
4 0.2421875 0.6609375 0.0203125 0.02421875
4 0.56015625 0.621875 0.021875 0.01953125
3 0.80546875 0.93203125 0.0640625 0.04375
3 0.50859375 0.71640625 0.0515625 0.04921875
3 0.31640625 0.43984375 0.07578125 0.04921875
4 0.50078125 0.41796875 0.025 0.01328125
2 0.475 0.51484375 0.07734375 0.04375
2 0.8265625 0.52890625 0.08359375 0.05
3 0.95546875 0.540625 0.0515625 0.04296875
2 0.65 0.6921875 0.059375 0.05390625
