2 0.5953125 0.4890625 0.05546875 0.04453125
2 0.35625 0.68046875 0.07734375 0.05234375
2 0.66171875 0.68671875 0.0578125 0.04453125
2 0.90859375 0.75390625 0.07265625 0.04375
1 0.246875 0.75390625 0.11875 0.0640625
1 0.87734375 0.55234375 0.18515625 0.171875
1 0.58125 0.8359375 0.146875 0.0921875
2 0.38359375 0.94296875 0.06953125 0.0515625
3 0.24921875 0.87890625 0.05625 0.0375
3 0.8203125 0.87265625 0.05234375 0.040625
4 0.409375 0.82890625 0.0390625 0.01953125
4 0.81796875 0.81875 0.03359375 0.02265625
4 0.5421875 0.615625 0.028125 0.02109375
4 0.265625 0.53984375 0.02734375 0.01171875
4 0.74375 0.44140625 0.028125 0.01875
