1 0.4671875 0.55625 0.03359375 0.1171875
1 0.86796875 0.55625 0.1984375 0.16953125
1 0.82265625 0.7984375 0.13828125 0.09453125
1 0.5765625 0.840625 0.14921875 0.09609375
1 0.25625 0.75859375 0.1140625 0.071875
2 0.3625 0.68046875 0.065625 0.0421875
2 0.6625 0.6921875 0.04921875 0.04921875
2 0.5921875 0.49765625 0.07265625 0.05703125
4 0.53984375 0.61796875 0.02890625 0.02109375
4 0.409375 0.82421875 0.025 0.01640625
2 0.39765625 0.94453125 0.06171875 0.040625
3 0.24140625 0.87890625 0.0734375 0.04140625
3 0.5328125 0.7328125 0.0515625 0.03671875
3 0.784375 0.40390625 0.06953125 0.0453125
4 0.27265625 0.5390625 0.025 0.02734375
