2 0.59453125 0.490625 0.0921875 0.05703125
2 0.36328125 0.6796875 0.08828125 0.0453125
2 0.66953125 0.68828125 0.06796875 0.05234375
1 0.253125 0.76171875 0.11953125 0.07421875
1 0.5765625 0.83828125 0.1453125 0.0875
1 0.871875 0.5453125 0.203125 0.1625
3 0.240625 0.87265625 0.0703125 0.0328125
3 0.53046875 0.73125 0.07265625 0.05078125
3 0.8109375 0.87109375 0.07109375 0.0390625
3 0.78125 0.39921875 0.06796875 0.046875
4 0.4109375 0.825 0.03359375 0.025
4 0.54296875 0.615625 0.03125 0.0234375
4 0.26796875 0.54140625 0.0265625 0.0203125
