3 0.39453125 0.71015625 0.059375 0.053125
3 0.27265625 0.915625 0.071875 0.04296875
3 0.6 0.9453125 0.04921875 0.03203125
3 0.91875 0.73046875 0.0265625 0.040625
3 0.36953125 0.43203125 0.0421875 0.053125
1 0.31328125 0.56875 0.28203125 0.06875
2 0.63359375 0.6953125 0.06484375 0.0578125
4 0.2546875 0.51953125 0.0203125 0.01953125
4 0.753125 0.52265625 0.0265625 0.01640625
4 0.49375 0.64765625 0.0265625 0.02109375
4 0.28359375 0.821875 0.02890625 0.021875
4 0.67890625 0.89375 0.01796875 0.01875
