3 0.36953125 0.43671875 0.07265625 0.05390625
3 0.39453125 0.70546875 0.05703125 0.05625
3 0.596875 0.95078125 0.05078125 0.03125
3 0.91953125 0.73203125 0.05625 0.04296875
2 0.86640625 0.521875 0.065625 0.0453125
2 0.6296875 0.69453125 0.0734375 0.0609375
1 0.31171875 0.571875 0.2765625 0.065625
3 0.27265625 0.9140625 0.07578125 0.0421875
4 0.25390625 0.5203125 0.028125 0.0171875
4 0.4953125 0.6515625 0.01953125 0.02109375
4 0.75625 0.521875 0.01875 0.02421875
4 0.28203125 0.821875 0.021875 0.02265625
4 0.67578125 0.89921875 0.03359375 0.0296875
