1 0.36328125 0.59140625 0.103125 0.10703125
1 0.2859375 0.88046875 0.13125 0.0671875
1 0.659375 0.79609375 0.07578125 0.11484375
1 0.684375 0.43671875 0.08515625 0.19296875
2 0.47265625 0.5171875 0.07109375 0.04921875
2 0.190625 0.7 0.04921875 0.0546875
2 0.6515625 0.70078125 0.04375 0.03828125
2 0.8328125 0.5265625 0.0859375 0.0546875
2 0.728125 0.86328125 0.065625 0.04453125
3 0.81640625 0.93203125 0.059375 0.046875
3 0.509375 0.71171875 0.0578125 0.040625
3 0.3890625 0.7890625 0.07109375 0.0578125
3 0.66328125 0.7265625 0.025 0.00078125
3 0.94609375 0.540625 0.05859375 0.040625
3 0.309375 0.434375 0.05546875 0.0484375
4 0.4984375 0.41875 0.02890625 0.01640625
4 0.55859375 0.62265625 0.0234375 0.01640625
4 0.24296875 0.65859375 0.03515625 0.01796875
4 0.46875 0.8984375 0.01875 0.01953125
