2 0.4328125 0.5171875 0.09921875 0.034375
2 0.81875 0.4671875 0.05625 0.06015625
2 0.6515625 0.67734375 0.08046875 0.04921875
3 0.50859375 0.778125 0.07578125 0.046875
3 0.9453125 0.92578125 0.03984375 0.03984375
1 0.478125 0.940625 0.15078125 0.05390625
1 0.38359375 0.65625 0.1390625 0.078125
1 0.7671875 0.7546875 0.0515625 0.128125
4 0.25234375 0.51875 0.01953125 0.01796875
1 0.609375 0.4109375 0.1671875 0.19140625
1 0.9609375 0.58125 0.04296875 0.1078125
3 0.9015625 0.6203125 0.05546875 0.0390625
