1 0.37265625 0.646875 0.13671875 0.07578125
1 0.76015625 0.74921875 0.0609375 0.14609375
1 0.484375 0.940625 0.128125 0.0390625
3 0.265625 0.7578125 0.07265625 0.03984375
3 0.49765625 0.778125 0.05546875 0.034375
2 0.19609375 0.73203125 0.0578125 0.0421875
2 0.43671875 0.51875 0.07265625 0.03671875
2 0.8171875 0.46171875 0.053125 0.06484375
2 0.65234375 0.675 0.0546875 0.06015625
2 0.8546875 0.84609375 0.0578125 0.05078125
3 0.95546875 0.92890625 0.0671875 0.0421875
4 0.25625 0.5203125 0.0234375 0.0171875
4 0.2828125 0.82109375 0.03359375 0.0140625
3 0.35 0.44296875 0.05078125 0.04609375
3 0.90625 0.61953125 0.06328125 0.0453125
1 0.60859375 0.415625 0.15625 0.18515625
