1 0.35859375 0.58671875 0.1046875 0.09765625
1 0.6953125 0.43515625 0.0953125 0.19296875
1 0.65703125 0.79453125 0.0703125 0.121875
1 0.28203125 0.8828125 0.14296875 0.046875
2 0.190625 0.70078125 0.0640625 0.04921875
2 0.4703125 0.5125 0.0609375 0.04296875
2 0.825 0.525 0.0640625 0.046875
2 0.64765625 0.69140625 0.059375 0.040625
2 0.72421875 0.871875 0.05625 0.04609375
4 0.47109375 0.9 0.0234375 0.01875
4 0.2421875 0.65859375 0.0203125 0.0140625
4 0.5625 0.621875 0.0296875 0.01640625
4 0.50078125 0.4203125 0.025 0.01484375
3 0.9515625 0.53828125 0.065625 0.04765625
4 0.86875 0.65 0.03203125 0.01796875
