1 0.465625 0.55859375 0.034375 0.12421875
1 0.8703125 0.55078125 0.196875 0.15546875
1 0.5765625 0.8421875 0.13671875 0.0921875
2 0.665625 0.69453125 0.06171875 0.0515625
2 0.3546875 0.678125 0.0703125 0.0375
2 0.6 0.49296875 0.06171875 0.05078125
2 0.81484375 0.871875 0.06484375 0.05234375
2 0.39375 0.953125 0.06015625 0.0484375
3 0.25078125 0.875 0.04765625 0.04375
4 0.40859375 0.82578125 0.03359375 0.0203125
4 0.81796875 0.82109375 0.03828125 0.025
4 0.5421875 0.61875 0.03203125 0.0234375
4 0.74921875 0.44375 0.025 0.0203125
4 0.26796875 0.53828125 0.0359375 0.028125
