2 0.471875 0.5140625 0.0734375 0.06484375
2 0.18984375 0.70078125 0.0546875 0.05859375
2 0.653125 0.68984375 0.078125 0.0515625
2 0.83046875 0.5296875 0.07109375 0.04921875
2 0.7234375 0.8671875 0.06484375 0.0546875
3 0.51171875 0.7125 0.08359375 0.0578125
3 0.80625 0.9328125 0.05625 0.0359375
3 0.959375 0.5390625 0.06171875 0.03984375
3 0.30859375 0.4421875 0.0640625 0.059375
4 0.5 0.42109375 0.025 0.02265625
4 0.559375 0.628125 0.02890625 0.02265625
4 0.2421875 0.66015625 0.0390625 0.01875
4 0.46328125 0.89921875 0.021875 0.01875
1 0.2859375 0.88203125 0.1328125 0.05546875
4 0.875 0.6515625 0.03125 0.02734375
1 0.69296875 0.44609375 0.0921875 0.225
