2 0.47578125 0.51640625 0.08203125 0.06484375
2 0.65703125 0.69375 0.0703125 0.0453125
2 0.8203125 0.52734375 0.0765625 0.06328125
2 0.19453125 0.696875 0.078125 0.046875
1 0.359375 0.58984375 0.10703125 0.0953125
1 0.6984375 0.434375 0.10234375 0.18984375
1 0.83515625 0.6734375 0.04140625 0.128125
1 0.65625 0.79609375 0.08515625 0.12890625
1 0.2796875 0.88125 0.1328125 0.05625
4 0.471875 0.903125 0.0328125 0.02578125
4 0.56015625 0.625 0.02890625 0.02265625
4 0.23984375 0.65859375 0.01953125 0.0171875
4 0.503125 0.421875 0.021875 0.01875
3 0.9515625 0.54296875 0.0546875 0.0390625
3 0.521875 0.72109375 0.059375 0.04296875
3 0.81015625 0.93203125 0.06328125 0.03671875
