1 0.365625 0.5875 0.10078125 0.09140625
1 0.6984375 0.4375 0.1046875 0.2
1 0.83359375 0.67265625 0.0453125 0.11875
1 0.65234375 0.7921875 0.075 0.1171875
1 0.28125 0.8796875 0.1484375 0.04609375
2 0.73046875 0.86796875 0.05390625 0.04921875
2 0.653125 0.69296875 0.0609375 0.05234375
2 0.18828125 0.6984375 0.059375 0.06015625
2 0.4703125 0.515625 0.06328125 0.0453125
2 0.82890625 0.5203125 0.06015625 0.05625
3 0.80859375 0.93828125 0.05859375 0.05859375
4 0.46875 0.89921875 0.0265625 0.025
4 0.5640625 0.6234375 0.0515625 0.02109375
4 0.23515625 0.6609375 0.03671875 0.0203125
4 0.50078125 0.41796875 0.02890625 0.01796875
3 0.95703125 0.54140625 0.046875 0.04140625
