1 0.46875 0.5578125 0.0453125 0.11640625
1 0.878125 0.5515625 0.20625 0.1671875
1 0.24453125 0.7546875 0.1078125 0.065625
1 0.56875 0.84140625 0.15859375 0.09296875
2 0.66796875 0.6890625 0.06640625 0.04921875
2 0.58671875 0.49375 0.06015625 0.04765625
2 0.35703125 0.671875 0.059375 0.02890625
2 0.38671875 0.946875 0.0546875 0.04453125
3 0.2453125 0.87734375 0.04765625 0.04296875
3 0.52265625 0.73203125 0.0375 0.03359375
3 0.8109375 0.8734375 0.0515625 0.0421875
4 0.81796875 0.82265625 0.01796875 0.01640625
4 0.4125 0.8234375 0.03203125 0.0125
4 0.54375 0.6171875 0.025 0.01640625
4 0.2703125 0.540625 0.02890625 0.0140625
3 0.778125 0.403125 0.06953125 0.046875
