2 0.18828125 0.7 0.06015625 0.04453125
2 0.64765625 0.690625 0.05859375 0.046875
2 0.471875 0.5171875 0.071875 0.046875
2 0.821875 0.52578125 0.05078125 0.04453125
2 0.728125 0.86796875 0.05 0.0546875
3 0.8078125 0.92890625 0.06015625 0.0390625
3 0.51171875 0.715625 0.04453125 0.04296875
3 0.3140625 0.4375 0.05625 0.0421875
3 0.9546875 0.54140625 0.0546875 0.03046875
1 0.28515625 0.88046875 0.1140625 0.05078125
1 0.65625 0.79609375 0.071875 0.1296875
1 0.6921875 0.4390625 0.10234375 0.196875
4 0.5015625 0.41640625 0.01875 0.01875
4 0.5625 0.62578125 0.02890625 0.0140625
4 0.2421875 0.6625 0.028125 0.01875
4 0.4671875 0.89765625 0.03125 0.02265625
4 0.87578125 0.65078125 0.028125 0.01953125
