2 0.471875 0.51484375 0.07578125 0.05859375
2 0.65390625 0.6921875 0.0609375 0.04453125
2 0.8234375 0.5296875 0.0609375 0.065625
1 0.83515625 0.67890625 0.040625 0.13203125
1 0.284375 0.88671875 0.1265625 0.0546875
1 0.3640625 0.58828125 0.11484375 0.10390625
1 0.69375 0.4375 0.10625 0.196875
4 0.49765625 0.41953125 0.02890625 0.0171875
4 0.5609375 0.628125 0.02421875 0.02421875
4 0.24140625 0.6578125 0.0203125 0.0171875
1 0.653125 0.79609375 0.0765625 0.13515625
3 0.81640625 0.93671875 0.0625 0.04375
3 0.9484375 0.5390625 0.053125 0.03671875
