2 0.1859375 0.6953125 0.07421875 0.0625
2 0.65 0.6953125 0.07421875 0.0640625
2 0.4734375 0.5125 0.08359375 0.05078125
2 0.81796875 0.528125 0.06015625 0.046875
1 0.6953125 0.43359375 0.11484375 0.20859375
1 0.28046875 0.88046875 0.14609375 0.05625
4 0.47421875 0.90546875 0.05 0.02265625
4 0.24296875 0.66171875 0.0359375 0.0234375
4 0.56015625 0.6171875 0.034375 0.02734375
4 0.5015625 0.41875 0.02578125 0.02109375
3 0.31328125 0.4359375 0.06953125 0.0453125
3 0.96015625 0.53984375 0.0609375 0.0390625
3 0.5171875 0.71875 0.0640625 0.046875
3 0.39453125 0.8015625 0.07265625 0.04375
3 0.815625 0.93671875 0.0609375 0.04765625
