2 0.4796875 0.5171875 0.0671875 0.0453125
2 0.19296875 0.70234375 0.053125 0.04609375
2 0.65078125 0.69453125 0.053125 0.04296875
2 0.83046875 0.528125 0.05703125 0.0484375
2 0.7234375 0.86875 0.05 0.05859375
1 0.284375 0.88359375 0.12734375 0.05546875
1 0.69375 0.44453125 0.09609375 0.20703125
3 0.51015625 0.71640625 0.0515625 0.03984375
3 0.80859375 0.9328125 0.0578125 0.04375
3 0.953125 0.540625 0.0578125 0.03359375
4 0.23828125 0.65859375 0.01875 0.015625
4 0.56171875 0.62578125 0.0171875 0.01875
4 0.46484375 0.89765625 0.01875 0.01484375
4 0.87578125 0.6515625 0.02109375 0.01953125
4 0.50390625 0.41796875 0.0234375 0.021875
4 0.61953125 0.5859375 0.00078125 0.0015625
